Studio tensione di alimentazione di S

Campionamento definitivo: impostiamo le soglie dei discriminatori grandi per massimizzare l'efficienza senza avere conteggi assurdi.
Per farlo, poniamo la tensione di alimentazione a 1400 V e vediamo cosa accade variando la soglia

tensione soglia S1 = 760 mV
tensione soglia S2 = 460 mV
tensione soglia T1 = 975 mV
tensione soglia T2 = 1030 mV

Dati acquisiti l'1 marzo. Tempo di misurazione = 3 min

DATI IN ORDINE: T1 - S1 - S2 - T2 - doppie - triple S2 - triple S1

(dati messi in dati_def.txt)

N.B. Per i dati con V = 1200 V, prendiamo come dato il valor medio delle tre misure e come barra di errore metà della differenza tra il dato massimo e quello minimo. Usiamo poi questo errore per tutte le altre misure

-------------------------------------------------------------
tensione alimentazione S1 = 900 V
tensione alimentazione S2 = 900 V

38 15626 51250 39 3 0 1 
57 16301 102280 88 6 0 1 
91 17014 153385 130 7 0 1 
118 17676 204650 170 9 0 1 
167 18374 256257 214 17 1 1 
195 19010 307666 251 19 1 1 
227 19703 358931 289 24 1 1 
265 20364 410106 330 29 1 1 
302 21056 461571 372 34 2 2 
328 21733 512707 408 34 2 2 
361 22355 563614 447 38 2 2 
398 23005 614984 486 41 2 2 
432 23680 666371 542 49 2 2 
458 24328 717737 568 52 2 2 
489 25009 769140 601 58 2 2 
517 25688 819957 653 64 2 2 
547 26362 871283 698 67 2 2 
587 27069 922978 741 74 2 2  

-------------------------------------------------------------
tensione alimentazione S1 = 950 V
tensione alimentazione S2 = 950 V

35 1446 48312 34 6 0 0 
60 2846 97019 69 10 0 0 
101 4294 145426 118 13 0 0 
130 5716 193835 161 18 1 1 
169 7234 241958 202 21 1 1 
195 8646 290232 239 22 1 1 
221 10086 338498 269 25 1 1 
249 11484 386866 316 29 1 1 
278 12969 435271 368 32 1 1 
310 14519 483604 396 34 1 1 
339 15901 532089 440 38 1 1 
363 17331 580518 474 40 1 1 
396 18701 628834 503 44 1 1 
432 20101 677312 538 48 1 1 
462 21556 725794 572 49 1 1 
489 23044 774204 609 50 1 1 
516 24504 822428 653 53 1 1 
551 25983 871154 683 55 1 1  

-------------------------------------------------------------
tensione alimentazione S1 = 1000 V
tensione alimentazione S2 = 1000 V

34 2483 1798027 41 3 0 0 
76 5165 3605215 86 7 0 0 
119 7713 5410587 133 13 1 1 
146 10190 7215165 170 15 2 1 
181 12698 9018052 215 21 4 1 
208 15285 10822903 271 25 4 1 
247 17777 12624686 308 28 4 1 
284 20384 14423470 348 30 5 1 
317 22884 16252134 385 30 5 1 
364 25348 1298367 420 32 5 1 
395 27828 3124438 467 40 7 1 
420 30292 4947690 515 44 7 1 
452 32916 6771640 564 46 7 1 
487 35454 8593914 604 50 9 1 
530 37929 10414563 653 58 12 1 
569 40505 12245491 696 62 12 1 
602 43024 14083636 732 66 14 1 
651 45633 15917240 776 69 15 1  

II PROVA (prendere questi dati)

35 2614 1835937 42 2 0 0 
64 5078 3677696 91 4 0 0 
105 7559 5527360 132 8 2 0 
145 10067 7380215 168 12 3 0 
184 12586 9229818 200 15 4 0 
213 15166 11078908 238 16 4 1 
244 17634 12920143 284 20 5 1 
285 20209 14753509 335 27 6 1 
322 22697 16591441 376 33 7 2 
362 25233 1657979 424 39 9 2 
395 27769 3513628 458 41 9 2 
435 30364 5361635 510 51 15 4 
470 32837 7204428 551 56 15 4 
492 35291 9058417 584 58 15 4 
529 37751 10902125 634 60 16 4 
551 40242 12729587 679 63 17 4 
585 42728 14564468 710 65 17 4 
617 45226 16406234 755 66 17 4  

-------------------------------------------------------------
tensione alimentazione S1 = 1025 V
tensione alimentazione S2 = 1025 V

29 3231 5671600 34 4 1 0 
60 6687 11365990 73 6 3 0 
93 9880 317250 122 9 5 0 
134 13267 6088385 169 13 6 0 
166 16557 11837001 205 19 7 0 
195 19908 795546 246 24 9 0 
231 23348 6538397 284 28 10 1 
266 26605 12279890 321 29 11 1 
302 29934 1220239 364 33 14 1 
336 33317 6954593 400 35 15 1 
368 36811 12707807 438 39 17 1 
402 40159 1703615 489 45 21 1 
424 43481 7467393 523 46 22 1 
450 46829 13245199 574 51 25 2 
486 50181 2228282 622 53 25 2 
527 53507 7968112 662 55 26 3 
555 56785 13684294 701 60 28 4 
576 60056 2619906 736 62 30 4  

-------------------------------------------------------------
tensione alimentazione S1 = 1050 V
tensione alimentazione S2 = 1050 V

24 4075 4763309 51 4 1 2 
56 8238 9554284 102 9 3 3 
89 12236 14321537 146 16 8 4 
123 16397 2273058 204 19 9 4 
159 20599 6928954 244 20 10 4 
187 24675 11502410 292 23 12 4 
217 28782 15925361 324 23 12 4 
258 32888 3591313 379 29 15 5 
297 37085 7871089 423 32 16 5 
326 41047 12093337 469 35 17 5 
373 45265 16456636 506 41 21 5 
400 49550 4007266 554 41 21 5 
434 53593 8400608 597 46 24 6 
460 57663 12851376 634 47 25 6 
490 61811 334466 677 52 27 6 
524 65951 4542911 717 55 29 6 
567 70138 8948063 763 61 33 6 
592 74193 13270055 803 63 35 6

-------------------------------------------------------------
tensione alimentazione S1 = 1075 V
tensione alimentazione S2 = 1075 V

35 5308 379093 33 3 2 0 
63 10682 660905 74 8 5 0 
93 16019 973217 111 12 8 1 
116 21287 1301881 160 15 10 2 
154 26566 1526077 202 21 13 2 
186 31864 1732755 239 23 15 2 
220 37307 1937318 274 29 17 3 
256 42624 2074333 309 30 18 3 
286 47945 2255329 348 34 22 4 
317 53392 2329977 384 35 22 4 
354 58783 2507487 425 40 25 6 
384 64046 2559338 463 40 25 6 
425 69597 2696677 507 46 30 8 
457 75025 2824438 540 48 32 9 
487 80522 2979309 590 50 32 9 
515 85869 3063974 628 53 34 9 
555 91139 3230767 663 57 38 10 
587 96354 3569535 692 63 44 10    

-------------------------------------------------------------
tensione alimentazione S1 = 1100 V
tensione alimentazione S2 = 1100 V

43 8038 4424849 42 2 1 0 
72 15987 8922277 86 5 4 0 
100 23977 13402875 138 10 8 1 
136 31974 1152948 171 13 11 1 
171 39985 5798683 210 15 12 2 
211 47954 10486028 258 19 13 4 
244 56060 15087247 300 24 17 7 
271 64091 3065041 341 25 17 7 
308 72050 8069435 396 33 23 9 
343 80064 13055295 435 36 25 11 
382 87945 1149041 475 39 27 11 
415 96005 5850242 511 45 33 12 
455 104007 10556774 548 49 37 14 
497 111959 15411123 595 52 39 16 
532 119843 3558346 640 56 42 18 
565 127931 8181768 685 62 47 18 
587 135871 12631550 735 64 48 19 
612 143777 361376 782 70 53 23 

-------------------------------------------------------------
tensione alimentazione S1 = 1125 V
tensione alimentazione S2 = 1125 V

29 15125 6882319 29 5 5 2 
66 29891 13756513 72 14 14 7 
95 44908 3766752 100 17 16 8 
122 59733 10575704 130 17 16 8 
147 74425 593228 171 20 19 10 
183 89477 7345644 209 25 23 12 
222 104145 14052924 243 26 23 12 
247 118882 4061179 281 28 25 13 
277 133609 10826408 321 33 27 15 
313 148597 828270 355 36 30 18 
352 163626 7524059 393 41 32 22 
383 178612 14237446 436 43 33 23 
411 193678 4157983 482 45 35 23 
442 208702 10818172 513 47 36 24 
471 223640 688611 538 47 36 24 
507 238373 7617055 571 51 40 24 
548 253178 14586511 612 55 43 27 
576 267931 4702569 653 59 46 29  

-------------------------------------------------------------
tensione alimentazione S1 = 1150 V
tensione alimentazione S2 = 1150 V

40 27305 13546881 45 4 4 1 
80 54771 10323579 95 8 7 4 
115 81836 7090791 144 13 12 8 
160 109453 3870926 183 15 13 9 
182 136924 640469 214 16 13 10 
215 164541 14181931 253 19 15 12 
239 191795 10955238 285 23 19 13 
281 219098 7730969 316 26 22 16 
323 246493 4521533 359 30 25 19 
358 273849 1275269 403 34 29 21 
382 301241 14812349 440 38 32 23 
424 328897 11554485 481 44 37 26 
465 356420 8314455 522 50 43 31 
501 383253 5063745 563 52 44 32 
541 410457 1845227 608 54 46 32 
584 438086 15370741 663 56 48 33 
621 465555 12140935 702 57 48 34 
661 492619 8886354 755 64 55 40 

-------------------------------------------------------------
tensione alimentazione S1 = 1175 V
tensione alimentazione S2 = 1175 V 

37 40550 14692063 48 5 4 5 
68 80706 12613392 94 9 6 8 
99 120835 10561490 124 13 10 11 
127 160371 8516155 160 16 12 12 
168 200737 6481300 198 21 16 15 
199 240485 4449876 233 25 20 18 
232 281473 2372170 274 28 22 20 
262 321657 273578 327 31 24 22 
288 361370 14945284 364 35 27 24 
313 401527 12868381 403 37 28 25 
351 441741 10810969 442 41 30 28 
384 481940 8764460 478 42 30 29 
424 522548 6710912 526 47 35 33 
467 562462 4606297 568 53 40 37 
494 602534 2500927 615 57 44 39 
530 642883 418679 656 60 47 42 
549 683338 15143891 692 62 49 43 
585 723399 13040851 721 66 52 45  

-------------------------------------------------------------
tensione alimentazione S1 = 1200 V
tensione alimentazione S2 = 1200 V

26 51490 14893163 40 1 1 1 
74 102522 13102414 76 5 5 4 
110 153918 11393052 126 8 8 7 
144 205475 9703002 157 9 9 8 
178 256958 7999344 192 12 12 11 
215 308561 6312602 238 17 17 15 
246 359659 4557752 278 25 24 22 
279 411368 2758083 326 30 27 26 
306 462669 934135 359 33 30 28 
336 514155 15934194 409 40 33 34 
369 565099 14144109 450 45 37 36 
405 615688 12346882 490 47 38 37 
444 667425 10547256 530 51 42 40 
468 718857 8786778 568 52 43 41 
512 770207 7036416 623 57 46 45 
549 821284 5262385 674 59 48 46 
587 872613 3560362 721 63 52 49 
616 923688 1890121 763 65 53 50  

II PROVA (prendere questi dati)

21 50764 14540314 35 1 0 1 
52 101139 12241039 72 4 3 3 
83 151991 9946618 108 6 5 5 
108 203104 7649331 148 8 7 7 
140 254671 5338256 197 9 8 8 
182 305852 2987793 241 12 11 11 
210 357373 659984 287 14 13 12 
236 408455 15012996 321 16 14 14 
266 459286 12565826 373 21 19 18 
290 510590 10143175 404 25 23 22 
317 561212 7725254 443 29 26 24 
359 612376 5373224 498 33 30 26 
396 663643 3034025 533 36 33 29 
437 714683 694015 576 42 39 34 
469 765031 15113523 609 45 42 37 
511 816212 12594501 655 47 43 39 
537 867371 10175162 693 51 46 41 
576 918483 7671547 741 53 47 43  

III PROVA 

29 49932 15043123 37 1 1 1 
69 100124 13294091 78 3 2 3 
103 151261 11422445 121 3 2 3 
138 202315 9594093 157 5 4 5 
170 253612 7776664 202 10 9 8 
206 304316 6065555 239 13 10 11 
244 354925 4378753 276 15 12 12 
277 405469 2748741 316 19 15 15 
317 455360 1069167 359 26 20 21 
352 506186 16177112 408 28 22 22 
381 556542 14526093 441 30 24 24 
417 606867 12912036 478 36 30 28 
440 657474 11280121 524 39 33 31 
470 707447 9649008 565 42 36 34 
507 757866 8008737 602 45 39 37 
542 808757 6320509 644 49 43 41 
579 859708 4668865 689 52 45 44 
612 910493 2997724 726 55 48 46  

-------------------------------------------------------------

tensione alimentazione S1 = 1225 V
tensione alimentazione S2 = 1225 V

26 61645 810669 26 2 2 1 
61 123332 1630381 69 7 5 5 
84 184770 2409869 118 7 5 5 
117 246056 3201375 166 16 12 14 
142 306669 3967985 202 17 12 15 
182 368345 4729295 245 23 16 21 
212 429880 5467983 285 24 17 22 
243 491588 6234527 325 25 18 23 
275 552583 6981323 354 27 20 24 
305 613989 7761675 392 31 24 27 
350 676408 8526790 440 36 27 29 
385 737515 9282641 483 41 31 33 
421 799167 10038268 523 45 35 36 
449 860241 10785127 563 47 37 37 
481 921604 11546395 600 52 42 41 
508 982698 12326051 637 52 42 41 
536 1043729 13083634 674 52 42 41 
565 1104455 13826933 720 56 45 45  

-------------------------------------------------------------

tensione alimentazione S1 = 1250 V
tensione alimentazione S2 = 1250 V

30 63596 16285929 47 2 0 1 
66 127630 15789924 86 5 2 4 
103 190825 15318632 119 7 4 5 
129 254788 14741957 155 8 4 6 
157 318907 14111079 197 12 8 8 
187 382739 13463826 244 15 11 10 
216 445930 12800842 287 18 14 11 
250 509764 12153846 329 22 16 15 
285 573110 11451388 369 24 18 16 
322 637378 10783666 414 27 20 19 
349 701012 10155235 450 28 21 20 
374 764189 9527927 494 33 25 22 
412 827895 8941371 538 37 29 25 
458 890653 8312063 586 41 33 29 
489 953732 7675615 632 42 34 30 
524 1018061 6989593 678 49 40 36 
556 1081629 6340031 719 51 42 38 
585 1145217 5672267 756 54 45 41  

II PROVA

47 63225 15968377 38 4 3 4 
77 127402 15175069 74 9 6 7 
108 191629 14376345 115 12 8 9 
137 255177 13580293 148 15 11 11 
176 318171 12786523 190 16 12 12 
213 381769 12002573 225 18 13 14 
241 445098 11204315 264 22 16 17 
275 508275 10373982 305 27 19 19 
311 571920 9638187 339 31 23 22 
338 635680 8971346 392 37 27 26 
368 699047 8290949 452 40 30 28 
406 762956 7579019 492 42 32 30 
440 826359 6879019 542 47 35 35 
478 889451 6167331 581 55 42 42 
506 953022 5453007 625 58 45 45 
547 1016756 4741912 670 63 50 50 
592 1080337 4103065 714 67 54 53 
623 1143228 3439518 762 71 58 56  


-------------------------------------------------------------
tensione alimentazione S1 = 1275 V
tensione alimentazione S2 = 1275 V


33 70736 2349718 46 6 5 5 
62 140804 4705307 81 10 9 9 
89 210908 7043993 127 11 10 10 
129 280537 9419248 158 12 11 11 
164 351022 11786058 190 16 14 15 
204 421669 14149871 225 20 18 18 
235 492023 16464280 252 21 19 19 
277 562377 2004266 290 23 21 21 
301 632961 4376343 329 26 24 23 
332 702706 6721291 373 29 27 26 
369 772774 9067244 411 33 31 30 
406 842798 11452783 438 36 33 31 
447 912370 13837066 471 38 35 33 
484 982660 16228263 508 42 39 35 
518 1053149 1819816 556 46 43 38 
553 1123460 4173160 591 48 44 40 
597 1193441 6577790 626 51 45 43 
639 1264302 8926040 671 53 47 45 

-------------------------------------------------------------
tensione alimentazione S1 = 1300 V
tensione alimentazione S2 = 1300 V

46 69985 3951198 51 7 7 7 
120 209449 11910817 144 13 11 13 
167 279979 15939441 187 16 14 16 
197 349969 3147599 235 17 14 17 
229 420010 7129757 296 27 22 26 
266 490034 10998346 337 30 25 28 
298 559373 14807270 373 31 26 29 
325 629400 1841424 412 34 29 32 
359 699314 5681835 454 36 30 34 
394 769076 9510644 501 42 34 39 
427 839637 13361946 543 46 38 42 
457 909263 420566 576 47 39 43 
496 979083 4301557 613 49 41 45 
520 1049137 8141700 653 50 42 46 
550 1119418 12018682 706 51 42 47 
587 1189668 15884080 751 54 45 49 
623 1259128 2988034 793 58 48 52

II PROVA

35 69471 3645243 35 5 4 3 
70 138997 7279886 92 14 12 12 
106 207549 10898608 118 16 14 13 
135 276409 14491495 161 22 17 19 
173 345445 1374734 197 28 22 25 
201 414152 5012380 245 33 27 28 
224 483660 8680294 282 37 30 32 
262 552969 12355607 327 44 34 37 
298 622100 16036283 370 48 36 41 
328 690822 2940539 420 51 38 43 
358 760254 6633393 469 53 40 44 
388 829088 10295149 512 57 43 47 
427 898499 13978190 560 61 47 50 
462 967196 871479 594 64 49 53 
482 1036222 4568833 633 67 52 56 
513 1105182 8219048 667 70 52 59 
551 1174489 11911559 703 73 55 61 
597 1243859 15576143 752 78 59 66  

III PROVA

31 68781 3642138 47 1 1 1 
65 137128 7286414 95 5 5 4 
95 206255 10940558 122 9 8 8 
129 275713 14601451 162 13 12 10 
164 344492 1496527 193 16 15 12 
197 413547 5165645 237 20 19 13 
223 482708 8826582 273 21 19 14 
259 551629 12494412 315 26 23 18 
288 620922 16121079 366 31 28 21 
327 689892 3035810 403 32 29 22 
364 759393 6757783 442 36 33 26 
409 829330 10480539 476 41 38 30 
440 897988 14161476 513 49 44 36 
467 967843 1030275 544 49 44 36 
496 1036641 4666641 578 52 46 38 
532 1105320 8291449 617 55 49 41 
555 1174039 11910513 657 57 51 43 
587 1243282 15538566 691 62 56 46 

-------------------------------------------------------------
tensione alimentazione S1 = 1325 V
tensione alimentazione S2 = 1325 V


32 75425 5984207 40 4 3 4 
72 151090 11994403 90 9 7 8 
105 226547 1202588 129 10 8 9 
136 302750 7185772 164 13 10 12 
167 378771 13212187 210 14 11 12 
206 454326 2476073 249 17 14 15 
239 530977 8551070 284 20 17 18 
272 606706 14556733 326 21 18 19 
312 682434 3799691 369 25 21 22 
349 757738 9768847 399 29 25 26 
382 834029 15641953 442 29 25 26 
419 909955 4725090 478 35 31 31 
456 985027 10550808 526 42 37 36 
484 1060105 16365976 564 48 43 40 
516 1135404 5424127 594 49 44 41 
553 1210614 11191981 630 49 44 41 
588 1286597 187067 675 50 45 42 
625 1362885 6019441 709 53 47 45  
-------------------------------------------------------------
tensione alimentazione S1 = 1350 V
tensione alimentazione S2 = 1350 V


30 73240 9450413 40 4 3 4 
64 146171 2062048 73 7 6 7 
94 220098 11469231 112 13 12 13 
122 293593 4138315 146 13 12 13 
151 366284 13629293 195 15 14 15 
189 439973 6341775 228 18 17 18 
215 513047 15814436 265 21 19 21 
259 586974 8445819 301 26 24 26 
295 660329 1121288 338 31 29 31 
324 734083 10526317 380 36 32 36 
370 807582 3151653 425 38 34 38 
401 879948 12585648 466 44 40 43 
429 953139 5259937 511 48 42 44 
466 1026365 14758598 561 55 48 50 
498 1100011 7537505 606 60 52 55 
526 1173821 296599 643 64 55 59 
560 1246641 9749803 688 72 62 67 
597 1319320 2413659 734 81 70 74 

-------------------------------------------------------------
tensione alimentazione S1 = 1375
tensione alimentazione S2 = 1375

19 80123 10271575 33 3 3 2 
50 160082 3744519 63 5 5 4 
83 241025 14067894 96 7 7 6 
111 321384 7675493 137 10 9 9 
139 401674 1148876 183 16 15 13 
179 481057 11250156 222 22 18 19 
198 561166 4598257 255 26 21 23 
229 640360 14774481 294 28 23 25 
264 720689 8260122 342 35 29 32 
296 800691 1739707 388 40 33 36 
335 880548 12052700 428 49 40 44 
374 960139 5581203 455 50 41 45 
410 1040066 15946157 497 53 43 48 
454 1120390 9443877 540 58 46 52 
486 1200053 2954557 579 61 49 55 
515 1279294 13292934 626 64 52 57 
550 1360324 6847034 663 67 55 60 
593 1439963 472060 703 72 60 63 

-------------------------------------------------------------
tensione alimentazione S1 = 1400 V
tensione alimentazione S2 = 1400 V

35 78710 15006803 47 5 4 5 
66 156912 13383546 98 9 8 9 
111 235790 12030453 144 19 17 19 
148 315091 10444982 211 26 23 25 
186 392729 8645767 252 30 27 29 
219 471162 6362771 286 32 29 30 
263 549724 4445835 321 36 33 34 
298 627971 2537235 362 40 37 38 
339 707270 606385 410 44 41 42 
373 786086 15464518 455 46 43 44 
417 864812 13656917 495 51 46 48 
460 943555 11789352 539 55 50 52 
494 1021872 9972655 577 58 53 55 
528 1101065 8208700 632 62 57 59 
559 1179412 6403583 667 64 59 61 
594 1258265 4653233 715 69 64 66 
630 1336674 2866732 751 72 66 69 
656 1415093 1093933 796 74 67 71  

II PROVA

34 77050 14132889 36 3 3 3 
63 153772 11492503 84 11 8 11 
102 231272 8822731 128 14 11 14 
137 307584 6166267 179 21 18 21 
170 384437 3515657 221 25 22 25 
204 460823 872415 246 26 23 26 
234 536848 14969194 294 33 28 32 
273 613941 12198719 348 33 28 32 
315 691298 9538314 397 37 32 36 
340 767952 6854942 447 40 35 39 
376 843441 4069246 490 47 41 46 
409 920681 1055303 528 51 45 50 
443 997999 15292701 571 53 47 52 
474 1075369 12448401 607 57 50 56 
495 1150610 9675305 643 59 52 57 
528 1228337 7055885 687 64 55 62 
568 1306055 4540732 726 69 59 67 
600 1382531 2107219 757 74 63 72  

-------------------------------------------------------------
tensione alimentazione S1 = 1425 V
tensione alimentazione S2 = 1425 V

31 84163 13910902 43 3 2 3 
56 169279 11218236 81 7 5 7 
89 254037 8684300 126 12 9 12 
128 338272 6058412 164 16 13 16 
169 422843 3516242 199 20 17 20 
210 506515 919429 251 27 23 26 
252 591017 14955529 297 34 29 33 
277 675562 12164431 331 34 29 33 
310 759941 9505210 369 39 34 38 
345 843841 6930547 408 42 37 41 
378 927548 4259580 449 45 40 44 
417 1012296 1464909 486 49 44 48 
450 1097435 15438170 528 55 50 54 
484 1182143 12690329 572 60 55 58 
523 1266258 10019035 624 69 63 67 
561 1350464 7287195 656 72 64 70 
603 1434242 4538398 684 73 64 71 
641 1517361 1859305 727 74 65 72  

-------------------------------------------------------------
tensione alimentazione S1 = 1450 V
tensione alimentazione S2 = 1450 V

35 86076 15500427 39 4 4 4 
67 172031 14203773 71 9 9 9 
100 257730 12750113 115 14 13 14 
136 343448 11404208 162 22 21 22 
172 429464 10399125 200 24 23 24 
206 513527 9367075 234 28 26 28 
249 598466 8207447 276 34 31 34 
286 684015 7083627 310 39 36 39 
319 769654 5902723 350 45 42 45 
362 855661 4941451 387 47 44 47 
402 941444 4131637 430 54 51 54 
446 1028251 3319560 473 61 57 60 
491 1113953 2652185 514 67 63 66 
529 1200121 2040871 556 71 67 70 
562 1285556 1502629 602 80 76 79 
592 1371216 742953 647 83 78 82 
636 1456862 236535 691 87 81 86 
674 1542210 16410575 729 91 85 90 

-------------------------------------------------------------
tensione alimentazione S1 = 1475 V
tensione alimentazione S2 = 1475 V

38 88526 221523 45 3 3 3 
74 176452 274902 96 11 8 11 
112 264816 16773202 136 15 12 15 
147 352971 16358428 180 21 18 21 
183 441536 15967297 225 24 20 24 
224 529074 15681548 275 25 21 25 
254 617114 15467755 317 27 23 27 
285 705889 15180182 364 29 25 29 
313 794244 14979953 405 33 28 33 
358 882132 14880465 446 37 32 37 
392 970152 14866615 489 38 33 38 
420 1058268 14688111 526 42 37 42 
451 1146081 14610245 589 48 42 48 
484 1233341 14623181 624 50 44 50 
519 1321008 14623154 674 59 50 59 
553 1410232 14684213 713 64 54 64 
589 1499054 15027965 750 67 57 67 
633 1586687 15155689 799 71 61 71 
