I prova

70972 16522 1157 
142582 33072 2272 
212948 49915 3401 
283593 66311 4550 
355265 82891 5715 
426643 99912 6797 
497859 116316 7986 
569657 132855 9154 
641117 149465 10362 
710735 166070 11398 
783042 182831 12609 
853656 199180 13663 
924668 215738 14852 
994305 232486 15963 
1064293 248707 17050 
1133690 265682 18209 
1203865 282681 19397 
1275394 299582 20662  

II prova 

56134 14556 699 
109501 29084 1367 
163184 43476 2023 
217479 58226 2715 
270169 72773 3312 
324855 87695 4008 
381071 101846 4616 
436451 116304 5309 
492503 130936 5971 
549581 145449 6679 
604885 159973 7334 
660980 174645 7989 
716661 189044 8636 
772201 203490 9260 
827050 217771 9894 
883142 231849 10534 
939217 246392 11169 
994947 261024 11867  

