(verso est)

0 gradi

49330 15853 683 
99741 31720 1434 
149768 47716 2056 
200007 63966 2720 
250064 79529 3315 
299782 95150 3982 
349658 111045 4686 
399360 126714 5300 
448468 142738 6024 
498685 158504 6633 
548957 174468 7340 
598433 189788 7909 
649254 205522 8654 
699458 221629 9405 
748842 237349 10066 
798464 253058 10750 
848613 268692 11421 
897754 284561 12088  

---------------------------------------------------------
15 gradi

51086 16169 650 
102367 32082 1338 
153490 47843 1984 
204132 64239 2698 
254826 80315 3382 
305401 96363 3965 
356273 111943 4571 
406846 127930 5173 
458371 143766 5848 
508464 159710 6504 
559904 175942 7173 
610628 191808 7816 
661394 207680 8521 
712735 223805 9211 
763299 240202 9871 
813679 256084 10532 
864634 271860 11132 
914968 287587 11769

-------------------------------------------------------
20

50687 15706 621 
101580 31531 1270 
151805 47315 1889 
202225 62870 2569 
251974 78936 3129 
302041 94452 3695 
353169 110256 4362 
403633 125633 5010 
454734 141141 5627 
504819 156789 6298 
556499 172383 6884 
607089 187884 7533 
657713 203433 8095 
708877 219515 8772 
759211 235348 9410 
809741 251039 10013 
859355 266518 10668 
910258 282141 11300  

-------------------------------------------------------
30

51554 16009 595 
102973 32014 1186 
154785 47753 1725 
206679 63498 2280 
258201 79439 2855 
309659 95250 3426 
361701 110876 3972 
413241 126574 4585 
464941 142227 5132 
516648 158149 5722 
569182 173792 6368 
620590 189296 6902 
673009 205317 7526 
724582 221000 8102 
775840 236841 8679 
827739 252295 9241 
879638 268239 9809 
931677 284402 10400  

-----------------------------------------------------
40

57717 15989 473 
115166 31835 952 
173860 47465 1433 
232895 62870 1952 
292245 78766 2535 
351605 94222 3002 
410130 109829 3498 
468786 125818 3968 
528238 141649 4521 
585863 157193 4999 
644374 172700 5502 
703568 188148 6038 
762163 204375 6576 
822167 220472 7096 
880830 236072 7572 
940342 251603 8075 
999352 267394 8619 
1058408 283165 9147  

----------------------------------------------------------
50

66474 15718 484 
132894 31307 950 
199430 46610 1409 
265879 61806 1908 
331926 77115 2310 
398847 92488 2784 
465150 108234 3297 
530636 123683 3705 
596400 139084 4162 
661800 154725 4619 
728096 170152 5075 
794073 185584 5533 
859578 200712 5914 
924869 216223 6362 
990543 232221 6812 
1055669 247584 7241 
1121286 262906 7734 
1186208 278036 8148  	

------------------------------------------------------------
60

67860 15412 397 
135586 31298 784 
204357 46742 1207 
273368 61925 1587 
341657 77354 1983 
410405 92278 2309 
479052 107406 2691 
547661 122625 3032 
615871 138855 3422 
685507 154063 3766 
754522 169277 4110 
822696 184869 4515 
890905 200351 4868 
960464 216013 5247 
1029822 231430 5582 
1099028 246916 5955 
1167615 262635 6339 
1236459 277974 6714  

-------------------------------------------------------------
70

68481 15397 341 
137291 30204 637 
203487 45478 961 
271021 61175 1269 
341607 76541 1568 
411305 91741 1856 
481357 107102 2194 
551278 122541 2455 
621672 137954 2761 
690566 153273 3051 
759658 168812 3313 
827988 184877 3636 
897377 200232 3957 
967564 215487 4260 
1036954 231307 4610 
1106652 247111 4971 
1175847 262242 5286 
1246222 277454 5612  

-------------------------------------------------------------
80

70715 15525 298 
142188 30514 547 
213180 45572 834 
284796 60444 1117 
355183 75727 1370 
425803 91301 1672 
497077 106488 1955 
568043 121830 2226 
640597 136960 2525 
712414 152273 2824 
784664 167745 3160 
857198 182735 3442 
929678 197596 3750 
1001431 213089 4031 
1073806 227854 4307 
1145967 243199 4603 
1217492 258205 4880 
1289942 273172 5158  

-------------------------------------------------------------		
90

84033 15575 310 
167898 31149 560 
251911 45679 845 
336225 60997 1162 
419959 76579 1433 
504810 91980 1705 
588916 106997 2071 
673385 122442 2382 
757766 137579 2667 
842516 153001 3027 
927787 168074 3313 
1012160 183456 3624 
1096678 198890 3918 
1180881 214302 4230 
1262131 229700 4473 
1345981 245205 4719 
1431676 260830 5025 
1516266 275996 5304 

ALTRO LATO (ovest)

10

50687 15706 621 
101580 31531 1270 
151805 47315 1889 
202225 62870 2569 
251974 78936 3129 
302041 94452 3695 
353169 110256 4362 
403633 125633 5010 
454734 141141 5627 
504819 156789 6298 
556499 172383 6884 
607089 187884 7533 
657713 203433 8095 
708877 219515 8772 
759211 235348 9410 
809741 251039 10013 
859355 266518 10668 
910258 282141 11300  

-----------------------------------------------------------
20

47122 15976 658 
94027 31951 1291 
140558 47662 1898 
187817 63733 2549 
233067 79659 3160 
279450 95731 3831 
325964 111579 4431 
373087 128136 5198 
418817 143722 5809 
465124 159673 6448 
511074 175422 7070 
557229 190585 7657 
603299 206811 8350 
649650 222625 8977 
695904 238390 9585 
742006 254871 10294 
787997 271002 10965 
834021 287161 11614  

-----------------------------------------------------------
30

45753 15981 584 
91365 31961 1078 
137390 47952 1642 
182491 63619 2184 
228072 78961 2809 
273496 94481 3351 
320503 110331 3992 
365840 125581 4543 
411683 140981 5123 
457289 157369 5656 
503234 173048 6198 
549275 189298 6837 
594066 205171 7383 
639916 220956 8021 
685797 236650 8561 
732585 252432 9210 
779154 268156 9830 
823901 283429 10321  

-----------------------------------------------------------
40

46697 15333 488 
93289 31135 1017 
139538 46779 1532 
186510 61992 2003 
233514 77804 2465 
280271 93828 2976 
326974 109608 3535 
374155 125147 4034 
421269 140980 4552 
468211 156787 5103 
513629 172148 5650 
560919 187779 6226 
606583 203188 6680 
652578 218507 7204 
698928 233901 7661 
744448 249528 8123 
791034 265091 8652 
837273 280832 9163  

--------------------------------------------------------------
50

48928 15787 493 
96784 31824 946 
144613 47247 1358 
192743 62871 1830 
240908 78672 2302 
289064 94221 2745 
337580 109575 3140 
386198 124689 3611 
434051 140658 4029 
482168 156225 4513 
530542 171981 4941 
579422 187224 5416 
628690 202888 5887 
676664 218076 6289 
725068 233670 6730 
773639 248602 7143 
822838 263944 7598 
870770 279218 8066  

-----------------------------------------------------------
60

49919 15567 323 
100201 31009 699 
150982 46297 1093 
201291 62091 1495 
251670 77605 1827 
301431 92840 2187 
350859 108386 2588 
400844 124130 3001 
451093 139698 3396 
501049 155476 3806 
550483 171295 4228 
600856 186911 4581 
650762 202270 5009 
700674 217811 5383 
751122 233229 5761 
801009 248983 6165 
851011 264298 6544 
901358 279665 6893  

----------------------------------------------------------------
70

50391 15342 286 
100306 30809 628 
150386 46196 913 
200773 61401 1257 
250810 76474 1580 
300569 92097 1870 
349938 107975 2185 
399792 123475 2490 
450343 139215 2818 
500746 154712 3149 
550556 170572 3485 
600662 185953 3754 
650601 201414 4087 
700977 216746 4410 
751990 232062 4681 
801887 247684 4989 
852704 263236 5325 
903726 278717 5677  

----------------------------------------------------------------
80

54330 15830 290 
108502 31141 555 
162690 46531 847 
217435 61867 1187 
271395 77592 1493 
325773 92983 1855 
380657 107880 2115 
434402 123506 2413 
487765 139078 2714 
542248 154718 3016 
595422 170370 3283 
649266 185763 3559 
703725 201018 3869 
758026 216436 4147 
812786 231945 4440 
867023 247067 4768 
920521 262498 5059 
973690 277887 5362  

-----------------------------------------------------------------
90

55172 15560 295 
111626 31092 599 
166776 46562 845 
222424 62038 1132 
277828 77456 1427 
333589 92595 1669 
389303 107637 1990 
444908 123040 2254 
500608 138830 2541 
556803 154188 2816 
611447 169669 3082 
667348 185168 3342 
723588 200778 3684 
778950 216604 3933 
834725 232295 4227 
889936 248016 4513 
945653 263166 4808 
1001684 278454 5125  

--------------------------------------------------------------------------------------------------
--------------------------------------------------------------------------------------------------
EST OVEST

(verso nord)

0

53482 15048 712 
106198 30008 1369 
159929 45437 2102 
214251 60865 2719 
267733 76258 3385 
321901 91423 4051 
376249 106754 4760 
429949 121623 5352 
483219 137101 6049 
537358 152342 6733 
591661 167771 7442 
645339 183221 8204 
699284 198410 8903 
753613 213872 9610 
808232 228955 10326 
862386 244038 11033 
917009 259911 11756 
971138 275215 12415  

---------------------------------------------------------------------------
10

51607 15622 647 
101915 30820 1322 
152927 46213 1890 
204947 61806 2580 
256273 77382 3244 
307326 92667 3920 
359316 108256 4606 
410938 123615 5300 
459529 138809 5987 
506325 154298 6641 
557857 169586 7285 
609254 184416 7913 
661256 199811 8584 
712678 215201 9241 
764292 230478 9909 
815533 245783 10608 
866939 260752 11259 
918908 276081 11916 

----------------------------------------------------------------------------
20

48454 15370 598 
96307 30482 1245 
145159 45555 1872 
193546 60818 2423 
242052 76196 3036 
290383 91267 3623 
338817 106765 4258 
387490 122018 4954 
435784 137219 5578 
484130 152516 6171 
533144 167757 6837 
581406 183128 7519 
630007 198385 8201 
677744 213399 8888 
726382 229031 9624 
775316 244216 10270 
824137 259755 10980 
871691 275114 11605  

--------------------------------------------------------------------------------
30

48516 14679 574 
97650 29918 1164 
147750 44768 1721 
197821 59545 2310 
247880 74427 2926 
298253 89140 3491 
348241 104037 4066 
397826 119226 4560 
448041 134029 5122 
498188 149182 5698 
548863 164238 6302 
599010 179613 6909 
648589 194828 7493 
698941 209736 8127 
749840 224844 8713 
800619 239956 9291 
850943 255081 9900 
899066 269747 10478  

---------------------------------------------------------------------------------
40

51417 14916 606 
102096 30109 1091 
153538 44804 1552 
204702 59495 2026 
256314 74386 2538 
307753 89326 3062 
358743 104359 3606 
410787 119253 4198 
462246 134067 4743 
513337 149276 5293 
564904 164108 5882 
616567 179077 6437 
667654 193940 7048 
719108 208920 7567 
770912 223892 8095 
822525 238595 8636 
874090 253851 9226 
925582 268303 9792  

----------------------------------------------------------------------------------
50

55465 15369 503 
109838 30459 943 
163997 45652 1420 
218904 60999 1874 
274089 76108 2385 
329392 91285 2841 
383203 106746 3321 
437201 121848 3829 
491714 137460 4394 
546260 152866 4884 
600183 167945 5357 
653332 183387 5841 
707806 198643 6295 
762381 213686 6821 
816920 229003 7346 
871957 244158 7882 
926595 259858 8383 
981041 275297 8907  

------------------------------------------------------------------------------------
60

66051 14919 353 
132032 30207 743 
197425 45450 1179 
263903 60710 1577 
329433 76036 2043 
396165 91552 2461 
461889 106802 2902 
527664 122247 3328 
592340 137040 3713 
658307 151947 4094 
724155 167183 4458 
789144 182331 4884 
854429 197586 5258 
919678 213147 5696 
985547 228100 6144 
1051227 242892 6586 
1116299 258030 7025 
1181755 273207 7431  

---------------------------------------------------------------------------------
70

76800 15414 368 
153815 30790 705 
230798 45892 1098 
307943 61242 1471 
385476 76461 1869 
461697 91648 2260 
538094 106910 2660 
613450 121851 3014 
689504 137232 3386 
765429 152333 3790 
841801 167246 4114 
919007 182572 4500 
996602 197793 4876 
1073307 212879 5233 
1150665 227847 5588 
1227642 242908 5969 
1304777 258050 6351 
1381896 273233 6744  

--------------------------------------------------------------------------------
80

80344 15585 340 
160416 30537 683 
240630 45237 997 
321147 60202 1376 
401439 75526 1699 
481882 90536 2044 
562189 105259 2356 
642332 120446 2671 
723025 135394 2971 
803616 150391 3259 
884024 164963 3547 
964469 180100 3878 
1044379 194973 4213 
1126805 209987 4582 
1207048 225221 4874 
1288164 240152 5197 
1368071 255212 5490 
1448089 270629 5800

---------------------------------------------------------------------------------
90

73716 15080 299 
146835 30579 606 
220756 45716 929 
294140 60664 1201 
368212 75608 1496 
442737 90707 1813 
516757 105555 2163 
590624 120584 2490 
663842 135736 2763 
737199 150850 3066 
810690 165926 3404 
884696 180727 3674 
957940 195663 3993 
1031443 210774 4257 
1105664 225861 4525 
1179657 241375 4835 
1253305 256768 5146 
1326776 271894 5404  

---------------------------------------------------------------------------------

ALTRA PARTE ( verso sud )
-------------------------------------------------------------------------------
10

58301 15829 690 
116059 31458 1330 
174232 47348 1984 
232190 63302 2638 
290220 79424 3326 
347969 95282 4028 
406081 110717 4697 
464230 126414 5357 
523368 142809 6086 
581954 158580 6775 
640394 174188 7470 
699559 189624 8144 
757658 205259 8788 
815688 220933 9466 
875035 236653 10134 
933106 252520 10813 
991660 268290 11515 
1049321 284070 12145 

-----------------------------------------------------------------------------
20

55002 15404 579 
110909 30992 1225 
167820 46940 1831 
223788 62768 2423 
279596 78729 3020 
335182 94924 3628 
391705 110598 4291 
447491 126440 4909 
502354 142173 5499 
558723 157661 6128 
615553 173733 6732 
672744 189230 7427 
729267 204927 8066 
785612 220695 8728 
842007 236314 9352 
897522 252079 9940 
953586 267606 10573 
1010230 283718 11276

------------------------------------------------------------------------------
30

52366 15535 592 
105433 31213 1083 
158196 47293 1687 
212049 63322 2352 
265714 78995 2902 
319175 94723 3494 
371753 110852 4078 
424685 126704 4672 
476481 142187 5223 
529684 158347 5827 
582016 174009 6416 
634912 189956 7001 
687757 205656 7588 
740760 221246 8180 
793870 237182 8786 
847714 253296 9411 
900732 268597 9988 
953939 285071 10623  

--------------------------------------------------------------------------------
40

58594 15994 533 
118030 31359 1116 
177616 46682 1539 
236468 62373 2088 
296051 78401 2630 
354444 93989 3110 
413398 109774 3624 
472582 125626 4184 
531658 141277 4668 
590885 157454 5190 
650097 173513 5713 
709515 188886 6170 
769556 204814 6696 
828674 220367 7171 
887746 235888 7655 
947166 251716 8157 
1005963 267254 8596 
1064597 282826 9092  

--------------------------------------------------------------------------------
50

62998 15923 457 
127366 31470 848 
191377 47255 1317 
254679 63147 1766 
319568 78788 2201 
383464 94271 2637 
447321 109887 3074 
510195 125058 3476 
574641 140809 3912 
638107 156253 4313 
701346 171908 4759 
764601 187371 5177 
828549 202621 5668 
891681 218141 6117 
955590 234300 6585 
1019706 249942 7031 
1084205 265434 7557 
1147650 281206 8056

---------------------------------------------------------------------------------
60

64525 15965 430 
128754 31371 780 
192681 47039 1110 
257840 62698 1511 
322528 78432 1930 
386823 94387 2353 
451955 109768 2727 
517076 125281 3143 
580576 141165 3571 
644590 156557 3996 
708017 172747 4438 
772521 188064 4796 
836413 203800 5158 
900828 219497 5564 
965401 235329 5977 
1029862 250842 6388 
1093533 266337 6761 
1157924 281622 7070  

------------------------------------------------------------------------------------
70

63311 15181 313 
126966 30516 612 
191505 45336 937 
255536 61030 1310 
320426 76603 1642 
384842 92251 1979 
449001 107945 2342 
513563 123113 2649 
578537 138836 2949 
643396 154042 3329 
708071 169656 3660 
772356 184911 3963 
837850 200396 4349 
902478 215644 4666 
966993 230965 4993 
1032324 246188 5294 
1097119 261891 5617 
1163278 277713 5969 

------------------------------------------------------------------------------------
80

65272 15245 318 
129803 30692 618 
194362 46063 921 
258813 61467 1275 
323693 76614 1583 
388328 91737 1907 
452506 107222 2280 
516832 122697 2584 
582542 138248 2905 
647630 153539 3203 
712940 168655 3505 
778532 184301 3908 
842986 199601 4240 
906146 215169 4567 
968186 230047 4851 
1031513 245359 5104 
1096634 260900 5430 
1160728 276291 5739 

-------------------------------------------------------------------------------------
90

66256 15365 368 
132531 31035 733 
198194 46809 1104 
264796 62277 1412 
330709 77718 1806 
397446 92743 2234 
464555 108059 2608 
531230 123752 2872 
596985 138953 3258 
663490 154255 3643 
729775 168992 3970 
796656 183901 4315 
861404 199383 4714 
928393 214479 5090 
995755 230158 5425 
1062918 245563 5756 
1129616 260784 6051 
1196598 276016 6395  
