46 2 0 
1256 134 6 
2425 304 16 
3682 461 22 
4733 630 29 
5898 820 39 
7146 974 46 
8331 1093 49 
9456 1266 57 
10664 1423 65 
11841 1571 72 
13080 1724 79 
14251 1883 84 
15445 2063 90 
16677 2215 97 
17906 2388 104 
19130 2543 113 
20255 2700 117 
21427 2888 124 
22614 3037 132 
23836 3227 144 
24977 3396 152 
26157 3570 156 
27352 3716 161 
28497 3862 169 
29704 4006 179 
30858 4146 185 
32034 4322 192 
33166 4491 204 
34410 4650 207 
35600 4804 213 
36828 4929 221 
37985 5083 227 
39146 5274 238 
40345 5418 244 
41559 5571 247 
42788 5736 255 
43928 5900 262 
45193 6068 270 
46365 6237 274 
47539 6406 284 
48755 6559 293 
49972 6730 304 
51113 6879 309 
52315 7056 320 
53470 7219 321 
54698 7375 324 
55876 7528 330 
57099 7675 331 
58263 7836 335 
59383 8014 341 
60601 8129 343 
61813 8292 350 
63032 8468 356 
64237 8618 362 
65409 8780 370 
66613 8941 381 
67796 9096 390 
68953 9242 393 
70185 9411 397 
71386 9547 403 
72517 9699 407 
73662 9853 413 
74802 9979 414 
76027 10123 422 
77208 10301 431 
78399 10452 434 
79610 10582 439 
80863 10737 444 
82051 10870 449 
83260 11073 458 
84426 11241 465 
85681 11405 470 
86893 11559 473 
88081 11688 476 
89309 11836 480 
90477 11992 485 
91652 12129 495 
92905 12290 501 
94039 12451 506 
95294 12625 513 
96531 12792 521 
97730 12951 529 
98952 13114 538 
100067 13283 543 
101254 13441 552 
102500 13575 558 
103706 13733 567 
104861 13901 572 
105979 14072 578 
107205 14240 584 
108330 14407 592 
109492 14563 597 
110669 14703 603 
111956 14859 608 
113164 15029 614 
114325 15174 621 
115552 15323 628 
116678 15478 631 
117901 15616 641 
119115 15746 645 
120370 15886 652 
121651 16030 665 
122853 16218 671 
124045 16358 674 
125248 16493 680 
126365 16646 686 
127593 16811 694 
128835 17010 700 
130013 17166 711 
131235 17306 717 
132371 17479 723 
133514 17616 724 
134658 17773 728 
135862 17945 734 
137127 18078 744 
138307 18233 747 
139504 18374 750 
140585 18522 754 
141696 18668 758 
142838 18845 763 
144026 18998 771 
145202 19175 776 
146381 19329 783 
147524 19496 789 
148757 19687 792 
149926 19820 800 
151124 19983 803 
152327 20162 807 
153492 20320 812 
154651 20458 817 
155740 20632 822 
157006 20777 829 
158162 20947 836 
159324 21097 839 
160535 21235 844 
161733 21361 853 
162920 21512 859 
164156 21665 868 
165390 21823 875 
166574 21992 882 
167735 22125 888 
168864 22283 889 
170059 22458 894 
171216 22640 901 
172408 22827 903 
173667 22985 907 
174908 23136 912 
176142 23271 916 
177411 23433 921 
178618 23576 926 
179821 23729 933 
180973 23877 939 
182164 24036 945 
183396 24194 949 
184616 24354 956 
185884 24514 962 
186990 24688 966 
188163 24811 971 
189380 24939 979 
190607 25076 984 
191811 25216 987 
193039 25342 992 
194239 25533 993 
195421 25666 999 
196587 25830 1004 
197735 25961 1007 
198886 26121 1013 
200017 26254 1015 
201158 26354 1021 
202349 26486 1029 
203577 26651 1033 
204784 26820 1037 
206067 26969 1044 
207220 27106 1051 
208434 27261 1059 
209670 27451 1072 
210828 27632 1077 
212014 27785 1084 
213202 27964 1088 
214406 28104 1089 
215576 28271 1101 
216777 28443 1107 
218004 28571 1111 
219213 28750 1118 
220358 28921 1125 
221586 29069 1130 
222787 29231 1136 
223971 29394 1145 
225160 29529 1151 
226424 29701 1162 
227650 29854 1172 
228819 30006 1179 
230073 30163 1187 
231366 30293 1194 
232558 30462 1198 
233742 30606 1201 
234950 30767 1206 
236106 30894 1208 
237292 31049 1210 
238442 31203 1216 
239530 31392 1229 
240689 31567 1234 
241903 31703 1240 
243162 31867 1246 
244440 32014 1253 
245656 32157 1263 
246856 32305 1274 
248008 32468 1278 
249181 32593 1281 
250377 32739 1284 
251584 32886 1290 
252803 33066 1293 
253979 33226 1300 
255151 33361 1304 
256426 33525 1308 
257654 33708 1314 
258778 33855 1318 
260065 34003 1325 
261218 34173 1331 
262411 34326 1340 
263626 34479 1345 
264835 34607 1350 
266087 34782 1357 
267292 34949 1369 
268550 35122 1376 
269832 35301 1383 
271107 35443 1386 
272285 35592 1395 
273488 35746 1399 
274736 35895 1406 
275995 36024 1411 
277232 36162 1416 
278466 36298 1423 
279621 36447 1427 
280817 36606 1433 
281981 36754 1437 
283198 36899 1439 
284341 37021 1444 
285490 37193 1453 
286714 37331 1457 
287944 37483 1464 
289121 37648 1471 
290239 37829 1477 
291513 37958 1480 
292698 38118 1488 
293912 38253 1494 
295111 38402 1502 
296266 38557 1507 
297428 38698 1508 
298604 38841 1516 
299872 39000 1519 
301098 39172 1527 
302289 39311 1535 
303506 39464 1545 
304688 39616 1555 
305873 39772 1558 
307105 39913 1568 
308241 40045 1576 
309411 40190 1581 
310596 40337 1588 
311884 40500 1593 
313044 40658 1602 
314175 40818 1605 
315397 40951 1613 
316560 41117 1619 
317871 41267 1622 
318990 41412 1627 
320192 41570 1630 
321360 41714 1636 
322560 41886 1647 
323697 42044 1652 
324838 42217 1663 
326144 42363 1671 
327385 42525 1679 
328618 42675 1685 
329805 42843 1695 
330938 42987 1697 
332112 43177 1706 
333234 43317 1709 
334416 43456 1717 
335606 43621 1725 
336840 43788 1728 
338089 43922 1733 
339283 44101 1742 
340498 44260 1745 
341650 44410 1747 
342905 44540 1753 
344063 44682 1758 
345211 44844 1762 
346371 45003 1767 
347628 45178 1774 
348779 45327 1780 
350014 45479 1788 
351261 45649 1801 
352470 45833 1811 
353738 45983 1819 
354886 46153 1824 
356022 46319 1829 
357233 46451 1833 
358458 46593 1836 
359621 46752 1841 
360756 46915 1843 
361948 47097 1851 
363147 47240 1856 
364386 47394 1866 
365618 47524 1873 
366773 47691 1878 
368011 47850 1887 
369218 48026 1891 
370457 48165 1897 
371564 48337 1906 
372809 48536 1913 
374001 48706 1916 
375165 48867 1922 
376291 49003 1930 
377564 49139 1938 
378855 49331 1945 
380027 49489 1950 
381185 49663 1956 
382323 49794 1961 
383447 49958 1966 
384619 50115 1973 
385806 50250 1979 
386948 50400 1985 
388112 50568 1996 
389357 50733 2004 
390487 50876 2010 
391743 51028 2018 
393020 51167 2024 
394270 51328 2031 
395446 51481 2039 
396651 51612 2047 
397854 51754 2056 
399030 51896 2062 
400243 52050 2068 
401429 52203 2075 
402672 52361 2080 
403816 52519 2087 
404981 52666 2092 
406102 52833 2103 
407285 52998 2111 
408459 53163 2117 
409724 53322 2124 
410907 53461 2128 
412142 53594 2131 
413322 53752 2140 
414581 53895 2150 
415739 54058 2157 
416945 54238 2166 
418121 54409 2175 
419273 54578 2180 
420352 54764 2186 
421569 54926 2195 
422765 55070 2204 
423896 55224 2207 
425108 55380 2215 
426307 55526 2221 
427493 55692 2227 
428813 55811 2229 
430017 55957 2237 
431246 56115 2245 
432491 56271 2250 
433729 56427 2256 
434985 56581 2264 
436191 56744 2273 
437405 56924 2280 
438622 57074 2286 
439807 57240 2294 
441035 57412 2306 
442206 57579 2318 
443374 57727 2324 
444458 57876 2328 
445694 58050 2340 
446892 58207 2345 
448117 58375 2354 
449348 58528 2362 
450562 58668 2365 
451877 58810 2372 
453144 58968 2378 
454278 59112 2384 
455514 59257 2391 
456645 59421 2393 
457716 59568 2400 
458893 59728 2408 
460083 59885 2421 
461377 60035 2426 
462561 60199 2433 
463786 60356 2440 
465045 60523 2446 
466323 60670 2450 
467528 60822 2461 
468746 60977 2469 
469931 61135 2474 
471065 61265 2476 
472212 61412 2488 
473345 61553 2493 
474520 61748 2500 
475700 61897 2509 
476897 62044 2511 
478037 62194 2517 
479239 62331 2527 
480411 62511 2535 
481584 62680 2540 
482836 62861 2546 
483959 63012 2552 
485072 63131 2556 
486216 63266 2564 
487350 63422 2570 
488582 63549 2574 
489775 63718 2581 
491059 63894 2593 
492338 64032 2601 
493563 64191 2609 
494778 64352 2621 
495971 64519 2626 
497159 64665 2630 
498336 64833 2636 
499519 64954 2642 
500642 65128 2647 
501848 65302 2657 
503042 65489 2665 
504287 65643 2673 
505455 65790 2675 
506706 65949 2681 
507896 66093 2691 
509042 66256 2698 
510227 66419 2702 
511397 66557 2710 
512556 66706 2714 
513718 66837 2721 
514892 66997 2727 
516078 67178 2734 
517231 67319 2743 
518437 67456 2752 
519642 67586 2758 
520891 67733 2763 
522060 67871 2767 
523229 68026 2772 
524509 68152 2776 
525666 68317 2779 
526863 68499 2784 
528093 68660 2789 
529331 68823 2798 
530626 68978 2806 
531826 69150 2817 
533038 69315 2827 
534200 69469 2834 
535366 69628 2837 
536590 69773 2841 
537791 69935 2850 
539049 70091 2854 
540263 70225 2859 
541463 70395 2872 
542678 70559 2876 
543859 70699 2879 
545049 70850 2888 
546277 71036 2896 
547480 71203 2904 
548652 71365 2913 
549851 71519 2920 
550967 71645 2926 
552243 71821 2934 
553436 71991 2941 
554600 72178 2947 
555790 72355 2953 
557017 72527 2962 
558149 72670 2967 
559403 72800 2973 
560684 72961 2980 
561811 73091 2985 
563033 73250 2995 
564184 73395 3000 
565427 73534 3005 
566656 73699 3014 
567837 73866 3023 
569044 74034 3030 
570167 74189 3039 
571335 74356 3044 
572552 74489 3048 
573810 74633 3054 
575001 74779 3060 
576245 74935 3068 
577550 75068 3076 
578822 75233 3079 
580080 75393 3089 
581310 75555 3098 
582560 75733 3103 
583690 75886 3106 
584924 76047 3113 
586113 76211 3117 
587319 76346 3123 
588360 76520 3128 
589543 76662 3134 
590746 76814 3145 
591950 76975 3151 
593099 77111 3156 
594431 77260 3162 
595566 77422 3165 
596755 77577 3169 
597881 77769 3178 
598958 77925 3183 
600064 78074 3185 
601259 78248 3191 
602513 78395 3200 
603701 78578 3204 
604900 78709 3211 
606229 78838 3218 
607415 78990 3223 
608581 79140 3232 
609781 79299 3234 
611007 79459 3244 
612186 79593 3249 
613377 79737 3256 
614598 79882 3263 
615803 80036 3270 
616991 80184 3279 
618192 80316 3280 
619385 80486 3285 
620599 80643 3292 
621786 80803 3301 
622916 80950 3302 
624130 81113 3309 
625322 81278 3315 
626532 81421 3318 
627601 81572 3325 
628761 81753 3330 
629987 81918 3336 
631177 82067 3342 
632347 82239 3346 
633504 82357 3355 
634756 82511 3358 
635945 82699 3365 
637133 82865 3370 
638317 83026 3380 
639573 83187 3386 
640812 83371 3390 
642068 83511 3393 
643234 83641 3397 
644474 83785 3408 
645720 83925 3414 
646971 84067 3423 
648234 84212 3432 
649366 84407 3435 
650579 84572 3444 
651699 84703 3446 
652889 84876 3449 
654057 85026 3451 
655212 85174 3452 
656366 85326 3463 
657466 85484 3473 
658629 85610 3481 
659830 85768 3486 
661011 85906 3491 
662136 86070 3500 
663408 86216 3507 
664610 86386 3513 
665886 86510 3517 
667101 86645 3525 
668361 86789 3534 
669543 86941 3537 
670801 87094 3545 
672011 87236 3550 
673215 87395 3554 
674478 87547 3559 
675574 87661 3566 
676853 87795 3572 
678157 88008 3583 
679311 88156 3589 
680572 88332 3596 
681711 88475 3602 
682867 88624 3610 
684112 88772 3613 
685253 88904 3618 
686443 89052 3622 
687605 89225 3625 
688763 89415 3638 
689961 89570 3647 
691176 89738 3653 
692373 89877 3654 
693579 90024 3660 
694854 90183 3663 
695994 90348 3668 
697100 90513 3674 
698316 90681 3678 
699488 90843 3682 
700778 90973 3685 
701971 91164 3696 
703170 91321 3702 
704373 91472 3706 
705560 91626 3713 
706817 91786 3720 
708000 91942 3726 
709273 92117 3729 
710443 92260 3732 
711671 92430 3736 
712965 92574 3743 
714155 92734 3748 
715374 92888 3755 
716635 93047 3764 
717813 93196 3768 
718938 93340 3776 
720156 93470 3780 
721256 93628 3786 
722449 93764 3790 
723708 93931 3798 
724890 94056 3803 
726107 94200 3814 
727158 94369 3821 
728374 94538 3827 
729566 94677 3832 
730648 94830 3841 
731803 94996 3848 
732998 95163 3854 
734225 95317 3864 
735396 95431 3869 
736559 95619 3876 
737736 95778 3879 
738932 95922 3887 
740093 96069 3893 
741330 96268 3900 
742498 96419 3908 
743603 96548 3912 
744800 96706 3922 
746005 96871 3926 
747276 97037 3931 
748465 97207 3942 
749630 97360 3948 
750801 97530 3952 
751965 97697 3957 
753190 97853 3964 
754396 98031 3972 
755617 98188 3982 
756778 98315 3987 
758043 98456 3989 
759298 98641 3995 
760505 98805 4004 
761721 98949 4010 
762914 99069 4011 
764123 99212 4017 
765395 99361 4020 
766538 99520 4026 
767662 99661 4029 
768869 99812 4035 
770053 99966 4044 
771231 100102 4052 
772413 100238 4055 
773724 100420 4061 
774946 100605 4068 
776119 100776 4080 
777332 100930 4083 
778451 101053 4087 
779663 101192 4098 
780867 101380 4106 
782052 101518 4109 
783201 101692 4117 
784400 101822 4125 
785566 101960 4133 
786725 102149 4140 
787922 102275 4147 
789110 102420 4154 
790328 102608 4162 
791558 102785 4168 
792724 102950 4175 
793