Studio tensione di alimentazione di S 

tensione soglia S1 = 800 mV
tensione soglia S2 = 798 mV
tensione soglia T1 = 975 mV
tensione soglia T2 = 1030 mV

Dati acquisiti il 20 gennaio. Tempo di misurazione = 3 min

-------------------------------------------------------------
tensione alimentazione S1 = 850 V
tensione alimentazione S2 = 850 V

22 203 941 26 3 0 0 
60 443 1948 64 6 0 0 
90 694 2964 88 8 0 0 
123 960 3981 132 11 0 0 
169 1190 5032 163 13 1 0 
194 1456 6069 197 14 1 0 
228 1697 7044 236 17 1 0 
259 1952 8073 277 20 1 0 
290 2182 9098 318 24 1 0 
319 2436 10154 349 26 1 0 
344 2665 11184 394 27 1 0 
373 2935 12202 433 31 1 0 
405 3184 13260 456 34 1 0 
447 3438 14265 486 37 1 0 
491 3678 15290 506 40 1 0 
523 3909 16309 543 45 1 0 
551 4162 17355 584 48 1 0 
583 4395 18363 614 51 1 0  


-------------------------------------------------------------
tensione alimentazione S1 = 900 V
tensione alimentazione S2 = 900 V
27 567 32283 39 2 1 0 
57 1186 65165 75 5 1 0 
90 1802 97569 120 9 1 0 
123 2438 130181 150 9 1 0 
148 3039 162933 183 11 1 0 
177 3670 195450 222 16 2 0 
205 4262 228490 250 17 2 0 
228 4903 261235 290 18 3 0 
259 5557 294178 317 22 4 0 
297 6148 326937 354 27 5 0 
329 6719 359468 397 35 6 0 
362 7370 392130 430 37 6 0 
395 8000 424754 481 42 6 0 
432 8567 457548 507 47 6 0 
465 9195 490207 550 48 6 0 
499 9803 523005 592 50 6 0 
533 10415 555935 634 54 6 0 
574 11035 588709 677 60 7 0  


-------------------------------------------------------------
tensione alimentazione S1 = 950 V
tensione alimentazione S2 = 950 V

38 1322 168516 37 4 3 0 
77 2604 334390 83 10 7 0 
117 3957 499629 121 13 7 0 
142 5285 667753 162 19 10 0 
171 6690 834888 202 23 10 0 
201 8032 1002298 243 25 11 0 
230 9332 1169330 279 33 12 0 
263 10662 1337079 319 35 13 0 
294 11974 1504344 365 40 15 0 
323 13267 1671669 393 42 16 0 
351 14602 1839078 424 46 17 0 
380 16008 2007141 468 48 18 0 
413 17355 2176091 507 52 19 0 
441 18672 2344278 550 57 21 0 
471 20029 2512099 592 62 22 0 
504 21347 2679886 630 66 23 0 
536 22645 2847611 674 69 23 0 
563 23926 3015819 712 71 23 0 


-------------------------------------------------------------
tensione alimentazione S1 = 1000 V
tensione alimentazione S2 = 1000 V 

37 2686 521857 36 4 2 0 
67 5390 1043755 74 7 4 0 
97 8189 1565500 103 9 5 0 
127 11033 2088639 146 12 6 0 
151 14018 2613620 189 13 7 0 
181 16823 3136531 226 16 8 0 
207 19582 3661854 257 21 12 4 
237 22267 4183172 295 27 15 4 
270 24942 4706124 340 32 20 4 
302 27380 5226921 368 33 21 4 
342 29812 5750744 409 38 24 4 
377 32271 6269913 446 41 26 4 
407 34690 6787775 481 45 28 4 
440 37108 7305467 518 49 32 4 
474 39531 7824233 553 50 33 4 
497 41853 8342526 590 52 34 4 
538 44212 8859162 620 55 36 4 
568 46682 9375931 660 59 37 4  

II PROVA

34 2406 526907 31 0 0 0 
58 4849 1054525 71 4 2 0 
93 7230 1583291 111 10 5 0 
128 9697 2111929 145 13 6 0 
166 12251 2641619 196 18 8 0 
189 14692 3170122 230 19 8 0 
220 17096 3698799 271 23 10 0 
243 19518 4230368 309 29 13 0 
280 21982 4759428 351 32 14 0 
311 24434 5289448 390 36 16 0 
348 26839 5819685 428 38 17 0 
392 29318 6349859 472 41 19 0 
428 31802 6881633 514 42 19 0 
457 34244 7413759 560 45 20 0 
482 36807 7945756 604 46 21 0 
512 39306 8480933 639 49 21 0 
536 41755 9014284 678 51 21 0 
570 44206 9545066 708 53 21 0  


-------------------------------------------------------------
tensione alimentazione S1 = 1050 V
tensione alimentazione S2 = 1050 V 

31 3815 1361469 28 4 2 1 
67 7835 2728635 60 10 6 3 
96 11898 4088494 92 11 7 3 
135 15956 5453818 121 13 8 3 
163 19959 6819763 160 17 11 3 
190 23926 8187440 195 22 15 3 
222 28031 9552443 226 23 15 3 
253 32030 10911958 262 25 17 3 
292 35978 12278617 292 31 22 4 
325 39832 13644252 331 36 25 5 
371 43805 15009638 363 40 28 6 
400 47759 16390399 395 46 30 7 
435 51843 993082 423 52 32 7 
464 55912 2369762 476 54 34 7 
500 60192 3755090 507 56 36 7 
539 64824 5138678 556 66 39 7 
568 69114 6525238 596 70 41 7 
590 73245 7904631 630 73 42 7  

II PROVA

24 4087 1408446 31 2 0 0 
63 8297 2822306 72 3 0 0 
107 12557 4235806 110 6 1 0 
149 16710 5646794 145 7 2 0 
180 20860 7058606 187 11 2 0 
215 25003 8471096 232 17 7 0 
242 29168 9885506 264 20 8 0 
271 33219 11302166 300 23 9 0 
296 37387 12718172 329 25 9 1 
329 41393 14126248 362 26 9 1 
359 45560 15535244 386 27 9 1 
382 49615 169180 421 28 9 1 
405 53819 1582089 480 31 10 1 
425 57921 2994609 522 34 12 1 
451 62081 4406331 577 38 13 1 
486 66327 5817531 607 41 15 1 
520 70565 7228317 642 44 16 1 
554 74652 8638492 677 47 16 1  

III PROVA

25 4132 1399251 32 1 0 0 
63 8402 2811456 73 4 1 0 
94 12639 4231175 115 8 3 1 
117 16770 5633871 150 11 5 1 
157 20868 7033993 183 15 6 1 
183 25070 8436118 218 16 6 1 
213 29238 9842747 249 19 8 2 
251 33380 11250404 285 21 9 2 
288 37720 12658404 331 25 11 3 
329 41836 14066875 370 28 13 3 
370 45930 15474656 424 33 17 3 
411 50088 102494 463 39 19 3 
446 54215 1506591 499 45 21 3 
477 58440 2903984 541 53 23 3 
502 62533 4304327 581 56 24 3 
536 66736 5701146 615 57 24 3 
560 70989 7097193 648 58 25 3 
586 75144 8498102 681 64 29 4  


-------------------------------------------------------------
tensione alimentazione S1 = 1100 V
tensione alimentazione S2 = 1100 V 

29 6750 2346685 31 2 0 0 
70 13393 4683058 64 5 1 0 
102 20263 7021373 100 9 4 0 
125 27243 9346320 134 9 4 0 
151 34169 11691083 175 11 4 1 
185 40837 14039390 205 13 4 1 
219 47524 16386425 238 15 4 1 
244 54293 1959145 271 16 4 1 
272 61056 4303672 315 20 5 1 
302 67804 6670467 353 27 7 2 
344 74459 9010939 392 31 8 2 
377 81349 11347515 424 35 9 3 
402 88070 13704705 458 39 11 4 
428 94823 16074426 505 42 12 5 
461 101704 1638213 544 47 13 6 
491 108586 3998592 577 49 13 7 
526 115298 6389812 608 50 14 8 
560 121935 8821544 655 55 16 9  

II PROVA 

32 6806 2450029 54 8 3 0 
59 13497 4945760 89 11 5 0 
95 20335 7424064 138 15 8 0 
130 27163 9887709 176 18 9 0 
160 33814 12340432 221 20 9 0 
203 40742 14787095 269 24 10 1 
236 47577 471065 306 28 11 2 
274 54502 2934046 348 33 13 3 
294 61403 5383886 385 34 14 3 
324 68240 7835834 417 40 18 5 
367 74948 10318065 457 43 19 5 
397 81724 12806061 498 45 20 6 
428 88691 15281598 543 48 21 6 
458 95695 982142 573 51 22 6 
477 102355 3501131 611 53 23 6 
506 109331 6054876 645 56 24 6 
543 115882 8623233 684 58 25 8 
583 122641 11176410 720 61 26 9  


-------------------------------------------------------------
tensione alimentazione S1 = 1150 V
tensione alimentazione S2 = 1150 V 

32 19237 2339328 34 4 2 2 
71 38367 4682873 74 10 4 6 
104 57566 7104888 121 14 6 7 
133 76676 9568588 164 23 8 11 
169 95659 11851188 206 27 10 12 
206 114878 14160711 233 29 11 14 
230 135003 16457108 280 32 12 14 
260 154645 1974409 320 36 16 16 
283 174162 4305825 358 40 17 18 
313 193731 6630333 401 43 18 18 
353 212700 8950937 444 48 21 21 
387 231981 11277415 475 50 22 21 
431 251785 13605495 526 57 23 24 
465 271246 15966152 579 63 25 27 
491 290371 1501302 613 68 26 29 
526 309750 3840010 651 70 27 31 
555 328947 6317227 691 74 27 34 
591 347977 8749004 738 79 28 36 

II PROVA 

35 18924 2468837 37 5 2 1 
65 37915 4930682 66 7 3 3 
98 56990 7390375 108 10 4 4 
141 75892 9857624 150 16 8 8 
166 94723 12332272 195 18 8 8 
191 113807 14817446 233 22 8 8 
218 132837 562326 279 25 9 10 
260 152039 3073638 312 28 11 12 
296 170652 5617550 352 37 14 17 
330 189555 8153269 389 38 15 17 
360 207726 10666230 423 41 16 18 
399 226813 13188332 471 47 17 20 
432 245431 15706457 510 51 20 22 
464 264183 1453654 548 55 22 24 
492 282671 3969706 578 55 22 24 
527 301690 6481908 613 57 22 26 
555 320402 8982098 638 59 24 26 
592 339380 11502570 681 63 26 29  


-------------------------------------------------------------
tensione alimentazione S1 = 1200 V
tensione alimentazione S2 = 1200 V  

23 44898 2568822 31 1 0 1 
55 89971 5147170 63 5 3 3 
89 134992 7718208 98 9 6 5 
118 180354 10269858 144 13 8 7 
151 225592 12811541 180 15 8 9 
191 270470 15344585 221 21 11 12 
226 315493 1095245 256 27 13 17 
259 360626 3630509 306 36 17 24 
290 405394 6180102 347 40 18 28 
325 450521 8710568 382 46 23 32 
358 495785 11238512 427 48 23 33 
385 540338 13758902 465 50 24 34 
421 585503 16281471 505 56 28 38 
448 630375 2033085 544 61 30 41 
485 675212 4570806 588 62 31 42 
517 720488 7167319 628 69 32 46 
553 765865 9738576 670 73 33 49 
584 810802 12297929 703 74 33 49  

II PROVA

35 44215 2617029 43 6 3 3 
66 88532 5214206 68 8 3 4 
94 132755 7795106 105 11 5 6 
122 176863 10336276 146 16 7 11 
157 220816 12875057 188 22 11 15 
183 265520 15436328 223 23 11 15 
211 309685 1202375 259 27 14 17 
244 354140 3736522 298 30 15 18 
274 398355 6286067 338 32 16 19 
308 442701 8827082 376 37 16 21 
341 486618 11350717 416 41 18 24 
376 530844 13859870 461 48 20 29 
410 575338 16394232 496 53 22 34 
439 620005 2173166 533 56 23 36 
468 664599 4742505 567 59 23 39 
505 708934 7321127 601 61 24 40 
537 752873 9887131 644 62 24 41 
581 796634 12462394 687 68 29 47  


-------------------------------------------------------------
tensione alimentazione S1 = 1250 V
tensione alimentazione S2 = 1250 V

32 59690 3035579 41 1 0 1 
68 119572 6050541 83 4 1 4 
109 178975 9051402 124 9 2 8 
136 238300 12064383 160 10 3 9 
163 298112 15098459 192 10 3 9 
193 358087 1376628 240 12 5 11 
224 417132 4422981 274 12 5 11 
254 477112 7628727 318 15 5 14 
293 536419 10758149 358 18 6 17 
327 595316 13889766 385 22 6 19 
359 654706 236540 427 26 7 22 
390 714962 3442913 466 29 8 24 
420 775817 6627099 506 32 9 26 
453 834291 9734552 543 34 10 27 
478 893376 12853606 574 36 11 27 
524 952211 15960623 629 47 13 37 
569 1011186 2329543 669 52 15 40 
601 1070255 5443828 696 60 21 48  
