I prova

70919 16621 980 
142535 33153 2088 
213927 49429 3151 
285121 65622 4174 
356761 81639 5200 
427468 97543 6234 
497777 113540 7259 
569263 129926 8238 
641261 146387 9358 
713075 162713 10487 
784687 179140 11535 
855698 195313 12588 
927206 212149 13647 
998643 228694 14729 
1069148 245037 15848 
1140046 261095 16819 
1211013 277492 17786 
1282574 294590 18963  

II prova

56555 14316 638 
112596 28630 1272 
169045 43134 1901 
224655 57509 2455 
279738 72133 3070 
335312 86461 3684 
391397 101051 4372 
446576 115026 4993 
502108 129165 5542 
557632 143566 6199 
613575 157589 6838 
669697 171714 7442 
725576 185901 7990 
781383 200035 8649 
837405 214399 9252 
893105 228589 9921 
949642 243075 10581 
1006468 257155 11223  
