Studiamo l'andamento dei conteggi in funzione della soglia dei rivelatori piccoli. Nella prima colonna ci sono i dati di T1 e nella seconda colonna i dati di T2. Le tensioni di alimentazione di T1 e T2 sono entrambe -1550 V. Il tempo di acquisizione è di 3 minuti

(dati acquisiti il 13 gennaio)

N.B. Ignorare dati presi il 20 gennaio
------------------------------------------------------------
V_soglia_T1 = 849 mV
V_soglia_T2 = 852 mV

53 46 
101 112 
139 182 
203 243 
244 298 
279 361 
327 418 
377 467 
426 535 
473 593 
536 644 
602 710 
657 775 
708 845 
759 913 
801 969 
844 1028 
881 1098  

------------------------------------------------------------
(20 gennaio)
V_soglia_T1 = 872 mV
V_soglia_T2 = 873 mV

33 45 
75 107 
119 164 
151 217 
188 281 
222 328 
267 382 
307 431 
340 481 
377 531 
412 583 
452 640 
482 696 
516 747 
545 789 
591 839 
624 883 
655 928  
Tempo di aquisizione: 180 secondi

------------------------------------------------------------
V_soglia_T1 = 901 mV
V_soglia_T2 = 900 mV

36 53 
80 120 
121 171 
166 219 
214 269 
255 337 
289 388 
323 448 
363 504 
403 569 
447 618 
483 686 
521 743 
575 794 
620 854 
658 903 
705 956 
758 1001  

------------------------------------------------------------
V_soglia_T1 = 926 mV
V_soglia_T2 = 925 mV

40 64 
86 119 
110 161 
152 212 
188 266 
236 316 
275 369 
315 424 
357 493 
402 542 
442 602 
495 659 
532 693 
578 744 
622 805 
661 860 
702 919 
744 973  


------------------------------------------------------------
V_soglia_T1 = 952 mV
V_soglia_T2 = 949 mV

30 43 
68 86 
113 132 
156 193 
199 244 
239 292 
270 340 
317 381 
353 428 
376 476 
410 516 
445 583 
490 625 
532 669 
564 733 
604 777 
636 825 
676 869  

------------------------------------------------------------
V_soglia_T1 = 975 mV
V_soglia_T2 = 976 mV

51 45 
74 100 
109 148 
139 194 
187 235 
220 273 
251 316 
293 356 
330 413 
354 463 
391 500 
440 540 
469 579 
511 627 
545 664 
575 715 
602 764 
645 801  


------------------------------------------------------------
V_soglia_T1 = 1000 mV
V_soglia_T2 = 1004 mV

29 42 
66 76 
108 115 
147 157 
191 208 
234 253 
269 293 
314 341 
348 385 
377 425 
411 462 
447 499 
487 558 
523 606 
560 649 
604 697 
625 735 
658 801 


------------------------------------------------------------
(20 gennaio) 
V_soglia_T1 = 996 mV
V_soglia_T2 = 1004 mV

26 40 
58 87 
94 133 
124 166 
151 199 
178 234 
222 284 
251 322 
278 375 
309 414 
343 447 
362 491 
393 531 
421 569 
455 611 
494 657 
536 696 
571 723  
Tempo di aquisizione: 180 secondi

------------------------------------------------------------
V_soglia_T1 = 1024 mV
V_soglia_T2 = 1024 mV
35 32 
60 72 
94 113 
135 160 
165 208 
198 247 
234 301 
259 333 
299 374 
324 414 
354 448 
393 482 
430 524 
460 561 
495 603 
522 636 
562 679 
594 724  
Tempo di aquisizione: 180 secondi

------------------------------------------------------------
V_soglia_T1 = 1051 mV
V_soglia_T2 = 1050 mV

36 31 
65 70 
92 103 
125 155 
160 214 
190 251 
211 289 
236 332 
265 375 
298 411 
329 452 
359 499 
389 546 
415 589 
445 628 
481 667 
514 717 
543 756  
Tempo di aquisizione: 180 secondi

------------------------------------------------------------
V_soglia_T1 = 1100 mV
V_soglia_T2 = 1099 mV

27 38 
59 69 
86 114 
118 149 
146 182 
173 228 
212 277 
243 309 
270 351 
302 380 
325 417 
349 448 
382 495 
419 538 
453 573 
478 620 
498 655 
520 705  
Tempo di aquisizione: 180 secondi

------------------------------------------------------------
V_soglia_T1 = 1149 mV
V_soglia_T2 = 1150 mV

28 51 
53 83 
77 114 
121 148 
146 189 
172 220 
191 246 
219 279 
246 315 
265 352 
295 387 
320 427 
347 456 
372 485 
397 521 
424 556 
448 591 
471 630  
Tempo di aquisizione: 180 secondi
------------------------------------------------------------
V_soglia_T1 = 1201 mV
V_soglia_T2 = 1199 mV

170 Scaler counts: 16 29 
160 Scaler counts: 39 61 
150 Scaler counts: 68 87 
140 Scaler counts: 88 124 
130 Scaler counts: 107 164 
120 Scaler counts: 134 196 
110 Scaler counts: 154 245 
100 Scaler counts: 177 267 
90 Scaler counts: 214 311 
80 Scaler counts: 237 351 
70 Scaler counts: 264 386 
60 Scaler counts: 290 422 
50 Scaler counts: 312 459 
40 Scaler counts: 335 499 
^[[D30 Scaler counts: 360 544 
20 Scaler counts: 383 568 
10 Scaler counts: 412 602 
0 Scaler counts: 433 641
Tempo di aquisizione: 180 secondi

------------------------------------------------------------
V_soglia_T1 = 1250 mV
V_soglia_T2 = 1248 mV

13 17 
35 43 
63 68 
91 95 
109 137 
130 165 
150 194 
174 214 
206 248 
223 277 
247 306 
275 332 
296 368 
316 398 
339 419 
358 451 
377 476 
401 500  
Tempo di aquisizione: 180 secondi

------------------------------------------------------------
V_soglia_T1 = 1275 mV
V_soglia_T2 = 1275 mV

24 24 
43 48 
68 76 
95 116 
116 155 
139 180 
159 213 
176 235 
199 263 
228 298 
253 334 
276 362 
294 396 
322 436 
340 471 
357 499 
372 523 
391 551  
Tempo di aquisizione: 180 secondi
------------------------------------------------------------
V_soglia_T1 = 1299 mV
V_soglia_T2 = 1302 mV

16 32 
34 66 
54 101 
77 135 
96 161 
116 185 
139 218 
152 252 
173 284 
198 313 
220 348 
240 376 
259 397 
279 423 
302 452 
322 478 
342 510 
359 533  
Tempo di aquisizione: 180 secondi

------------------------------------------------------------
(20 gennaio)
V_soglia_T1 = 1351 mV
V_soglia_T2 = 1346 mV

18 18 
37 42 
49 61 
65 83 
78 111 
90 129 
104 149 
119 176 
134 214 
150 239 
168 261 
181 284 
193 306 
211 321 
225 343 
233 361 
248 382 
260 412  
Tempo di aquisizione: 180 secondi

