0.310 0.310 318332 334642
0.350 0.350 307894 323062
0.400 0.400 291251 309047
0.450 0.450 281325 294514
0.500 0.500 270646 280227
0.550 0.550 257335 269816
0.600 0.600 245339 254022
0.650 0.640 235107 246734
0.700 0.700 222327 225868
0.750 0.750 209483 206282
0.800 0.800 192571 191532
0.850 0.850 177533 171719
0.900 0.900 157498 153520
0.950 0.950 144707 139953
1.000 1.000 130178 125144
1.050 1.050 117085 113435
1.100 1.100 106481 104288
1.150 1.150 98509 96350
1.200 1.200 89855 89833
1.250 1.260 83434 83586
1.300 1.300 77664 78253
1.350 1.348 73125 75070
1.400 1.400 68698 70777
1.450 1.450 67559 69572
1.500 1.500 67648 70443
1.550 1.556 65453 67575
1.600 1.600 63125 65597
1.650 1.650 61197 63310
1.700 1.700 56750 58716
1.750 1.750 56786 58907
1.800 1.800 55380 57380
1.850 1.850 53703 55967
2.000 2.000 47832 49688
3.000 3.000 31612 16757
