88.000000 
145.000000 
225.000000 
1.000000 
1.000000 
175.000000 
134.000000 
168.000000 
42.000000 
98.000000 
58.000000 
210.000000 
1.000000 
188.000000 
6.000000 
28.000000 
126.000000 
1.000000 
1.000000 
119.000000 
200.000000 
182.000000 
1.000000 
152.000000 
60.000000 
255.000000 
187.000000 
204.000000 
153.000000 
44.000000 
1.000000 
240.000000 
284.000000 
186.000000 
136.000000 
119.000000 
129.000000 
71.000000 
3.000000 
177.000000 
481.000000 
171.000000 
1.000000 
309.000000 
1.000000 
1.000000 
1.000000 
329.000000 
293.000000 
135.000000 
204.000000 
1.000000 
176.000000 
120.000000 
274.000000 
1.000000 
107.000000 
178.000000 
233.000000 
92.000000 
218.000000 
71.000000 
1.000000 
65.000000 
1.000000 
1.000000 
212.000000 
181.000000 
85.000000 
1.000000 
49.000000 
63.000000 
9.000000 
51.000000 
195.000000 
209.000000 
1.000000 
1.000000 
119.000000 
1.000000 
1.000000 
190.000000 
153.000000 
1.000000 
55.000000 
1.000000 
1.000000 
111.000000 
270.000000 
121.000000 
100.000000 
81.000000 
184.000000 
184.000000 
415.000000 
1.000000 
257.000000 
350.000000 
176.000000 
1.000000 
1.000000 
150.000000 
127.000000 
224.000000 
1.000000 
192.000000 
1.000000 
117.000000 
108.000000 
224.000000 
171.000000 
1.000000 
25.000000 
112.000000 
160.000000 
55.000000 
1.000000 
1.000000 
1.000000 
1.000000 
159.000000 
211.000000 
107.000000 
214.000000 
177.000000 
12.000000 
79.000000 
143.000000 
107.000000 
9.000000 
119.000000 
70.000000 
162.000000 
227.000000 
1.000000 
1.000000 
87.000000 
1.000000 
1.000000 
1.000000 
49.000000 
360.000000 
177.000000 
182.000000 
194.000000 
40.000000 
498.000000 
209.000000 
220.000000 
73.000000 
241.000000 
1.000000 
60.000000 
152.000000 
146.000000 
170.000000 
88.000000 
139.000000 
1.000000 
88.000000 
1.000000 
48.000000 
244.000000 
188.000000 
172.000000 
21.000000 
1.000000 
255.000000 
1.000000 
51.000000 
64.000000 
284.000000 
291.000000 
1.000000 
55.000000 
4.000000 
122.000000 
173.000000 
154.000000 
214.000000 
173.000000 
182.000000 
1.000000 
39.000000 
364.000000 
192.000000 
74.000000 
239.000000 
307.000000 
178.000000 
146.000000 
86.000000 
1.000000 
293.000000 
206.000000 
225.000000 
17.000000 
132.000000 
63.000000 
285.000000 
134.000000 
118.000000 
93.000000 
231.000000 
184.000000 
242.000000 
155.000000 
1.000000 
110.000000 
106.000000 
1.000000 
41.000000 
112.000000 
11.000000 
45.000000 
14.000000 
108.000000 
499.000000 
117.000000 
227.000000 
