257.000000 
377.000000 
272.000000 
267.000000 
160.000000 
315.000000 
316.000000 
260.000000 
252.000000 
266.000000 
74.000000 
387.000000 
270.000000 
276.000000 
191.000000 
256.000000 
553.000000 
59.000000 
259.000000 
267.000000 
278.000000 
313.000000 
115.000000 
159.000000 
118.000000 
227.000000 
278.000000 
275.000000 
243.000000 
459.000000 
265.000000 
146.000000 
261.000000 
550.000000 
192.000000 
199.000000 
301.000000 
349.000000 
157.000000 
255.000000 
365.000000 
169.000000 
71.000000 
311.000000 
191.000000 
141.000000 
233.000000 
605.000000 
321.000000 
202.000000 
68.000000 
1.000000 
256.000000 
483.000000 
514.000000 
104.000000 
345.000000 
344.000000 
241.000000 
229.000000 
250.000000 
356.000000 
149.000000 
198.000000 
297.000000 
51.000000 
237.000000 
221.000000 
300.000000 
226.000000 
496.000000 
228.000000 
224.000000 
332.000000 
270.000000 
293.000000 
267.000000 
237.000000 
259.000000 
250.000000 
287.000000 
126.000000 
279.000000 
162.000000 
269.000000 
281.000000 
86.000000 
258.000000 
246.000000 
212.000000 
579.000000 
272.000000 
153.000000 
298.000000 
436.000000 
1.000000 
585.000000 
395.000000 
176.000000 
1.000000 
219.000000 
271.000000 
281.000000 
250.000000 
1.000000 
204.000000 
137.000000 
241.000000 
273.000000 
262.000000 
270.000000 
49.000000 
221.000000 
268.000000 
273.000000 
242.000000 
1.000000 
211.000000 
1.000000 
44.000000 
259.000000 
309.000000 
500.000000 
250.000000 
284.000000 
90.000000 
209.000000 
260.000000 
176.000000 
183.000000 
269.000000 
129.000000 
292.000000 
166.000000 
2.000000 
1.000000 
82.000000 
15.000000 
270.000000 
259.000000 
246.000000 
381.000000 
209.000000 
295.000000 
90.000000 
178.000000 
405.000000 
261.000000 
226.000000 
248.000000 
132.000000 
278.000000 
239.000000 
228.000000 
267.000000 
32.000000 
264.000000 
276.000000 
326.000000 
172.000000 
227.000000 
310.000000 
180.000000 
234.000000 
245.000000 
277.000000 
333.000000 
292.000000 
254.000000 
461.000000 
639.000000 
174.000000 
290.000000 
1.000000 
271.000000 
244.000000 
229.000000 
647.000000 
282.000000 
510.000000 
278.000000 
271.000000 
133.000000 
206.000000 
276.000000 
289.000000 
234.000000 
65.000000 
144.000000 
293.000000 
233.000000 
201.000000 
274.000000 
362.000000 
247.000000 
231.000000 
87.000000 
268.000000 
248.000000 
327.000000 
292.000000 
269.000000 
239.000000 
307.000000 
335.000000 
297.000000 
258.000000 
1.000000 
201.000000 
61.000000 
191.000000 
240.000000 
262.000000 
116.000000 
231.000000 
115.000000 
312.000000 
459.000000 
276.000000 
239.000000 
