62.000000 
62.000000 
61.000000 
62.000000 
62.000000 
63.000000 
63.000000 
61.000000 
61.000000 
61.000000 
32.000000 
62.000000 
62.000000 
62.000000 
62.000000 
62.000000 
63.000000 
47.000000 
62.000000 
62.000000 
61.000000 
62.000000 
18.000000 
61.000000 
62.000000 
61.000000 
60.000000 
61.000000 
63.000000 
61.000000 
62.000000 
62.000000 
61.000000 
60.000000 
63.000000 
60.000000 
62.000000 
62.000000 
62.000000 
61.000000 
62.000000 
61.000000 
35.000000 
61.000000 
62.000000 
62.000000 
62.000000 
61.000000 
61.000000 
63.000000 
61.000000 
43.000000 
61.000000 
62.000000 
61.000000 
33.000000 
62.000000 
60.000000 
61.000000 
62.000000 
61.000000 
62.000000 
62.000000 
62.000000 
62.000000 
38.000000 
61.000000 
60.000000 
63.000000 
61.000000 
63.000000 
61.000000 
62.000000 
62.000000 
60.000000 
61.000000 
62.000000 
62.000000 
61.000000 
62.000000 
62.000000 
61.000000 
63.000000 
60.000000 
62.000000 
62.000000 
55.000000 
63.000000 
62.000000 
63.000000 
61.000000 
62.000000 
60.000000 
62.000000 
61.000000 
43.000000 
63.000000 
62.000000 
62.000000 
58.000000 
61.000000 
63.000000 
63.000000 
62.000000 
43.000000 
61.000000 
61.000000 
61.000000 
62.000000 
61.000000 
60.000000 
55.000000 
62.000000 
63.000000 
63.000000 
61.000000 
59.000000 
63.000000 
33.000000 
61.000000 
61.000000 
61.000000 
62.000000 
60.000000 
60.000000 
41.000000 
62.000000 
62.000000 
60.000000 
62.000000 
63.000000 
63.000000 
63.000000 
60.000000 
58.000000 
27.000000 
62.000000 
27.000000 
62.000000 
61.000000 
62.000000 
61.000000 
61.000000 
62.000000 
60.000000 
62.000000 
62.000000 
61.000000 
60.000000 
62.000000 
61.000000 
62.000000 
60.000000 
61.000000 
61.000000 
60.000000 
62.000000 
62.000000 
62.000000 
63.000000 
62.000000 
62.000000 
62.000000 
61.000000 
61.000000 
62.000000 
62.000000 
61.000000 
61.000000 
62.000000 
62.000000 
61.000000 
62.000000 
21.000000 
62.000000 
62.000000 
63.000000 
61.000000 
61.000000 
62.000000 
61.000000 
61.000000 
45.000000 
62.000000 
62.000000 
61.000000 
62.000000 
43.000000 
61.000000 
62.000000 
63.000000 
62.000000 
61.000000 
61.000000 
60.000000 
62.000000 
55.000000 
62.000000 
63.000000 
62.000000 
61.000000 
63.000000 
62.000000 
62.000000 
61.000000 
61.000000 
62.000000 
20.000000 
62.000000 
62.000000 
61.000000 
62.000000 
62.000000 
62.000000 
62.000000 
18.000000 
62.000000 
61.000000 
61.000000 
61.000000 
