Dati presi il 23 maggio

-------------- Rivelatori con asse orientato in direzione NORD-SUD --------------

N.B. Angoli est   --> positivi
N.B. Angoli ovest --> negativi	

theta = 0°

 I prova
55286 13514 698 
109725 27495 1380 
164544 41101 2084 
218402 55108 2776 
272705 69637 3499 
326617 85025 4220 
380959 100789 4947 
434552 116668 5636 
489380 132428 6336 
543630 148056 7054 
597986 163913 7787 
652989 179552 8534 
707237 195382 9273 
761770 210570 9954 
816229 226304 10617 
870004 241857 11330 
924135 257495 12089 
979101 273161 12772  

 II prova
50497 12662 607 
100770 24686 1280 
150514 36907 1885 
201461 48336 2646 
251310 58097 3371 
301697 68132 4093 
352381 78233 4813 
402478 88153 5586 
453208 98302 6273 
503581 108482 6962 
554034 118772 7671 
605546 129023 8463 
656007 139770 9366 
705171 149868 10154 
755908 160026 10893 
805693 169902 11588 
855821 180135 12257 
905975 190207 12999 

* Rotazioni verso Est

theta = 10°

50809 14731 675 
101472 29550 1357 
151823 44297 2098 
202449 59001 2740 
251969 73763 3401 
302652 89422 4126 
353098 104753 4872 
403374 119758 5560 
453895 134882 6338 
505421 149452 7098 
555558 164804 7760 
606189 180560 8486 
656593 195840 9209 
706272 211049 9844 
756783 226694 10610 
806842 242173 11315 
857494 258031 12009 
907374 273155 12709 

theta = 20°

49887 16717 682 
99518 33125 1406 
149614 49961 2144 
198545 66599 2906 
247660 83135 3538 
297052 99837 4274 
345740 116261 4957 
394557 132609 5666 
443314 149559 6360 
492996 165702 7075 
542451 182277 7737 
591387 198392 8406 
640445 215015 9105 
690091 231454 9816 
739864 248057 10504 
788395 264498 11186 
837513 281541 11904 
886907 297937 12644  

theta = 30°

50136 14544 625 
100111 29658 1240 
150800 45156 1944 
200346 60215 2560 
251013 75258 3233 
300434 90239 3859 
350200 105412 4492 
400029 120572 5129 
450384 135754 5810 
499664 150903 6404 
549913 166186 7063 
599064 181175 7669 
649033 196516 8280 
698748 211995 8856 
748860 227015 9440 
798688 242588 10065 
848448 257504 10641 
898347 272846 11255 

theta = 40°

50496 14548 559 
100731 29333 1079 
150960 44084 1615 
201052 58790 2158 
251364 73395 2741 
301659 87606 3300 
353015 102043 3864 
403906 116486 4427 
454826 131211 4968 
506282 146288 5507 
556947 161187 6103 
607691 175974 6671 
658350 190996 7232 
708816 205657 7742 
759000 220311 8285 
810125 235652 8842 
860313 250723 9375 
911017 265282 9890 

theta = 50°

50868 13253 405 
101840 27078 857 
153777 40696 1385 
204645 54514 1762 
256500 68043 2275 
307447 81492 2709 
359309 95542 3214 
410662 109590 3642 
462217 123700 4173 
513657 136950 4701 
565628 150110 5157 
616904 163470 5587 
668487 177221 6074 
720779 190845 6592 
772110 204294 7106 
823082 217646 7595 
874569 231014 8022 
925422 244752 8437 

theta = 60°

51551 14365 465 
102302 28282 920 
153552 42632 1333 
204145 56826 1757 
255524 69939 2187 
306956 84734 2616 
358635 98203 3038 
409357 112740 3481 
459814 126919 3935 
510667 141406 4386 
560359 156014 4825 
611113 170837 5254 
662294 185470 5683 
712621 200094 6122 
762849 214725 6514 
813903 229231 6973 
864886 243863 7368 
915262 258517 7774  

theta = 70°

52790 13998 350 
105277 27219 682 
157950 41429 1083 
211045 55226 1496 
263128 69155 1868 
315555 82809 2225 
368120 96452 2596 
420900 110432 2928 
473706 124411 3319 
526848 138680 3691 
579133 153092 4101 
631170 167406 4451 
683796 181233 4834 
735473 195218 5213 
788542 208968 5605 
841662 222993 5990 
894037 236992 6343 
946197 250685 6672 

theta = 80°

56519 15055 352 
113955 29346 729 
170393 43560 1061 
227195 58122 1402 
283650 72713 1758 
340346 87132 2065 
396727 102003 2390 
452882 116836 2749 
509329 131509 3113 
565801 146080 3446 
622796 161218 3779 
679560 175739 4180 
735355 190462 4460 
792264 205039 4820 
848322 219961 5139 
905316 234078 5474 
961029 248881 5795 
1017156 263978 6142  

theta = 90°

56151 13834 282 
113938 27529 583 
171618 41696 917 
229646 56026 1227 
287511 70357 1570 
344771 84604 1882 
402368 98919 2185 
460073 113491 2492 
516568 127736 2792 
574364 142354 3152 
631996 156741 3442 
689821 171585 3795 
748898 185865 4149 
806735 200117 4500 
864435 214231 4852 
922654 228724 5177 
979977 243098 5549 
1037734 257996 5917  

* Rotazioni verso Ovest

theta = -10°

 I prova
54858 15317 1235 
109151 30290 2515 
163381 45072 3781 
218144 59992 5112 
271590 75233 6293 
325500 90355 7510 
379956 105193 8773 
434962 120579 10212 
489568 135963 11440 
544535 150857 12765 
598146 165933 14098 
651534 181088 15269 
705826 196559 16426 
758914 211904 17672 
813038 227427 18912 
866904 242868 20181 
921341 257805 21454 
975147 273249 22623  

 II prova

theta = -20°

 I prova
53577 15641 1255 
107079 31437 2496 
160381 46837 3641 
214194 62251 4889 
268080 78118 6164 
321449 93773 7389 
374018 109244 8484 
428138 124700 9850 
480603 139589 10970 
532991 155082 12179 
586391 170615 13297 
639601 185757 14470 
692373 200592 15542 
745756 215562 16680 
797998 230942 17780 
851905 246255 19089 
905265 261474 20266 
958711 276551 21492 

 II prova
52937 13166 623 
104861 26218 1193 
156372 38980 1806 
209010 51554 2430 
260624 63967 2990 
313998 76627 3626 
366740 89820 4253 
418916 102629 4831 
472930 115603 5512 
524906 128861 6123 
577436 142030 6735 
628708 154831 7285 
680910 167862 7943 
733384 179484 8505 
785616 192289 9042 
837674 205780 9686 
890204 219200 10341 
942062 232632 10862   

theta = -30°

 I prova
53489 13485 1222 
107225 26937 2580 
160733 39470 3828 
214010 52551 4908 
267695 66027 6250 
320712 79622 7420 
373888 92770 8630 
427354 106457 9983 
480591 120179 11224 
534618 133759 12540 
587479 146856 13752 
640816 159267 14858 
694375 172687 16084 
747188 186093 17322 
800378 198991 18534 
854089 212112 19825 
907527 225370 21042 
960184 238326 22223  

 II prova
53670 13720 1221 
107659 26852 2492 
161528 40206 3770 
214518 53560 4907 
268400 66788 6210 
321510 79934 7491 
374165 93102 8761 
427173 106667 10047 
480847 119640 11246 
533955 132789 12482 
586822 146054 13735 
640757 159458 15014 
694375 172501 16299 
747145 186105 17528 
800690 199667 18856 
854090 213104 20121 
907691 226982 21415 
960074 240899 22612 

theta = -40°

56503 13383 1154 
113276 26290 2220 
169888 38837 3318 
226160 52404 4511 
282351 65780 5712 
338946 78851 6899 
395614 92476 8202 
452729 105640 9400 
508730 118310 10494 
565755 131322 11642 
620771 144134 12730 
678073 157554 13994 
734773 171393 15207 
790913 185208 16380 
847788 198955 17691 
905065 211989 18894 
961594 224758 20056 
1017265 238586 21268

theta = -50°

68136 10743 644 
136495 22923 1548 
204061 35443 2429 
272481 48184 3549 
340707 61762 4672 
408533 75227 5911 
476752 88197 6959 
544823 101678 8005 
613030 115166 9236 
682095 128667 10443 
750243 142522 11525 
818390 155732 12547 
886371 169365 13646 
954616 182991 14814 
1022956 196425 15999 
1091002 209623 17105 
1159243 223343 18184 
1227958 237053 19349 

theta = -60°

 I prova
71572 13993 345 
143331 28048 757 
215194 41943 1096 
287001 56092 1483 
359050 70339 1905 
430621 83967 2267 
502743 97908 2648 
574777 111878 2987 
647137 125969 3376 
718359 140182 3779 
791167 154827 4208 
863918 168703 4545 
936582 182887 4943 
1008899 197066 5336 
1081833 211566 5770 
1154483 225782 6167 
1227476 240007 6556 
1300034 254480 6895 

 II prova
72757 15161 396 
145032 29866 792 
216947 44667 1121 
288907 59502 1499 
360715 74105 1872 
432628 88708 2184 
504477 103465 2575 
576136 118212 2938 
647320 132640 3331 
719528 147466 3755 
790336 162458 4105 
863326 177722 4505 
935071 192978 4866 
1006906 207910 5253 
1078452 222661 5589 
1149821 237612 5958 
1221584 252271 6340 
1293804 266944 6731  

theta = -70°

80951 14889 331 
161403 29744 621 
242670 44463 986 
323314 59562 1313 
403321 74654 1655 
483085 89527 2016 
563578 104754 2340 
644035 119974 2670 
723222 135024 3009 
803291 149880 3325 
883284 165113 3640 
963695 180122 3924 
1043442 194922 4252 
1123756 209977 4583 
1204659 224990 4888 
1285493 240015 5236 
1365001 255191 5605 
1445674 270201 5965 

theta = -80°

95329 10879 296 
190510 22236 586 
284537 33722 860 
379861 45070 1188 
474504 56255 1504 
569908 67648 1807 
665861 79082 2098 
762044 90090 2420 
856880 101353 2754 
951938 112627 3055 
1047317 124011 3368 
1142597 135850 3676 
1238811 148066 4007 
1334991 159639 4370 
1429951 170969 4646 
1525677 182431 4951 
1621163 193861 5244 
1712676 205217 5536

theta = -90°

96858 12579 282 
193749 25140 560 
291285 37711 826 
389967 50758 1106 
490854 64914 1409 
594058 79742 1698 
698473 95303 2008 
801166 110387 2319 
903661 125726 2622 
1006328 141394 2922 
1107883 156618 3144 
1209111 170142 3447 
1307930 183128 3704 
1405842 195519 3950 
1504446 208061 4296 
1603352 221260 4570 
1702476 233959 4857 
1801608 246426 5104  

-------------- Rivelatori con asse orientato in direzione EST-OVEST --------------

N.B. Angoli nord --> negativi	
N.B. Angoli sud  --> positivi

theta = 0°

 I prova
55854 16377 1014 
111572 32706 2031 
168051 48964 3078 
224419 65391 4228 
279539 81671 5238 
335799 98089 6325 
391551 114448 7337 
447398 130775 8275 
503305 147536 9353 
559300 163927 10461 
615378 180325 11516 
671057 196791 12548 
727040 212923 13586 
783814 229840 14687 
839886 246211 15789 
895504 262963 16864 
951366 279875 17958 
1006072 295548 18954  

 II prova
51955 16350 1047 
97152 31831 1974 
147698 48213 2974 
202068 64313 3911 
257298 80662 4900 
312358 97024 5918 
366222 113160 6888 
421133 129523 7977 
475729 145947 9026 
528977 162190 9990 
583930 178820 10962 
638458 195375 12034 
693361 211733 13088 
749077 228347 14148 
803719 244826 15183 
858679 261256 16240 
913807 277357 17331 
968570 293869 18342  

* Rotazioni verso Nord

theta = -10°	

52159 16149 978 
104997 32385 1985 
157108 48984 2982 
209131 65223 3954 
260981 81223 4964 
313555 97892 6021 
366580 114397 7065 
418945 130193 8044 
471141 146118 9045 
524017 162753 10115 
576796 179522 11195 
630014 195753 12201 
682244 212125 13185 
735017 227900 14131 
788233 244099 15186 
841471 260455 16202 
894411 276814 17207 
947729 293200 18258 

theta = -20°	

49130 16396 1060 
98181 31944 1978 
148271 48367 3020 
197512 64251 3990 
247129 80571 5028 
296620 96697 6073 
347070 112805 7087 
397141 128898 8140 
446917 145157 9142 
496177 161374 10141 
545855 177537 11165 
595846 194221 12227 
644802 210330 13219 
693898 226401 14162 
743210 242888 15149 
793104 258831 16207 
842577 275172 17245 
892166 291352 18250  

theta = -30°

47178 15865 1018 
93659 32184 2038 
140924 48357 3043 
186902 64495 3997 
233938 81043 5104 
281099 97614 6184 
326601 113893 7097 
373204 129693 8065 
419444 145978 9031 
466992 162327 10155 
514169 179092 11255 
560870 195298 12225 
607647 211239 13291 
654620 227532 14251 
700634 243795 15196 
747362 259656 16170 
794786 276462 17188 
841645 292459 18119  

theta = -40°

44982 15957 926 
89726 32113 1900 
134768 47911 2828 
180051 63706 3767 
224046 79739 4678 
270080 96175 5734 
315507 112025 6747 
360902 128074 7782 
406026 144387 8792 
449958 160411 9716 
494430 176109 10610 
540108 191848 11591 
585885 207517 12573 
631136 223362 13510 
677037 239702 14490 
723210 256113 15557 
768108 272622 16605 
813352 288632 17614  

theta = -50°

46685 15621 885 
92661 31771 1745 
139684 47750 2745 
187178 63767 3695 
232914 79809 4609 
279595 95546 5533 
325661 111186 6387 
371802 126897 7290 
417962 142923 8140 
464334 158529 9002 
510314 174143 9849 
556359 190071 10738 
602673 206085 11687 
649294 222223 12601 
695659 238100 13492 
742518 253848 14442 
788628 269688 15348 
834695 285474 16191

theta = -60°

50348 15888 897 
100236 32060 1669 
150647 47967 2503 
200495 63631 3288 
250791 79500 4126 
302390 95132 4987 
353376 110787 5900 
403959 126755 6834 
454534 142876 7696 
505076 158920 8516 
555990 174576 9312 
606529 190664 10215 
656913 206794 11077 
707798 222766 11939 
758330 238815 12752 
808491 254555 13524 
857916 270361 14254 
909154 286147 15122 

theta = -70°

53404 15735 796 
106070 31601 1620 
158911 47696 2409 
211473 63609 3216 
263579 79908 3957 
316776 95566 4754 
371114 111341 5647 
424092 127179 6506 
477222 142869 7304 
529343 158543 8022 
582044 174649 8819 
636009 190402 9594 
689086 206497 10427 
742523 222352 11253 
796432 238068 12065 
848911 253673 12801 
902917 269823 13671 
956873 285184 14416  

theta = -80°

69723 15482 827 
139913 31316 1633 
209542 47079 2427 
279553 62289 3192 
349230 78121 3953 
418505 93855 4710 
488505 109400 5546 
557735 125232 6310 
627630 141245 7090 
696787 156830 7908 
767707 172857 8804 
837511 188834 9621 
905553 204923 10361 
974658 220732 11143 
1044227 236472 11924 
1114308 252212 12725 
1183072 268022 13479 
1252993 283840 14263  

theta = -90°

80608 16059 786 
160119 32075 1558 
240055 47864 2308 
321599 63844 3123 
401756 79490 3906 
482714 95309 4714 
564055 110960 5542 
643999 126800 6244 
725635 142361 7036 
806537 158480 7792 
887030 174535 8603 
967243 190084 9322 
1048058 205672 10066 
1127598 221287 10811 
1207531 236770 11571 
1287770 252830 12372 
1368995 268966 13204 
1449342 284970 13984  

* Rotazioni verso Sud

theta = 10°

52831 16197 1023 
106541 32513 1929 
160105 48859 2966 
214572 65486 3977 
267623 81714 4942 
321215 97970 5903 
374408 114267 6860 
427679 130572 7843 
480633 147147 8858 
534216 164240 9996 
587177 180458 10905 
640592 196828 11855 
693523 213453 12886 
746373 230243 13935 
799902 246937 15052 
851963 263359 16024 
904368 279688 17048 
956772 296047 17994  

theta = 20°

53523 16645 1048 
106981 33025 2028 
161267 49412 3086 
215298 65459 4082 
268301 81718 4976 
322740 98536 6075 
375640 114803 7029 
429543 131061 7973 
482605 147575 8961 
536121 164447 10080 
590359 180823 11060 
642881 197124 12027 
695335 213210 12933 
748369 229522 13923 
801202 245944 14848 
853861 262386 15754 
907749 279061 16744 
955784 295344 17799 

theta = 30°

58314 16385 1011 
115997 32819 1943 
173304 49057 2873 
230217 65235 3743 
288383 82087 4729 
345488 98358 5590 
402802 115007 6520 
460393 131455 7424 
518969 148408 8386 
577028 164739 9350 
634660 181183 10281 
692605 197236 11228 
750605 213569 12196 
807867 230243 13099 
865422 246803 14066 
923018 262880 14998 
981114 279669 15992 
1039582 296053 16962  

theta = 40°

65221 16161 879 
129508 32490 1702 
194624 49232 2575 
259328 65366 3501 
323506 81451 4388 
388824 98013 5362 
453215 114568 6265 
518352 130699 7122 
583020 147151 7949 
647269 163466 8817 
712580 179780 9715 
776566 196185 10618 
841460 212719 11589 
906942 229518 12579 
972608 245879 13500 
1038359 262322 14435 
1103018 278910 15296 
1168528 295327 16302 

theta = 50°

65162 16065 847 
131053 32312 1726 
196854 48736 2574 
261572 65163 3471 
326638 81365 4338 
391542 97333 5152 
456549 113410 6029 
521766 130068 6887 
586705 146372 7750 
651688 162589 8581 
717117 178179 9367 
782431 194121 10184 
847846 210448 11043 
912735 226726 11876 
978216 242955 12664 
1042977 259235 13560 
1108420 275273 14347 
1174593 291052 15125 

theta = 60°

62954 15983 681 
125602 31838 1368 
189059 47867 2086 
252943 64110 2813 
316937 80040 3540 
381216 96249 4261 
444588 112844 4976 
509231 129106 5777 
573923 144915 6445 
639218 160790 7140 
704386 176676 7890 
769658 192790 8687 
834332 208726 9434 
899013 224616 10147 
963153 240912 10853 
1029822 256738 11638 
1095014 272784 12300 
1158305 289004 13010 

theta = 70°

66365 15720 651 
133302 31289 1390 
200260 46966 2025 
267072 63074 2727 
333480 79237 3413 
400246 95680 4083 
466744 111408 4786 
533562 127248 5442 
599977 142746 6073 
666683 158282 6751 
733296 174060 7447 
800360 190142 8173 
868753 206135 8873 
934638 221855 9499 
1001148 237949 10217 
1068064 253933 10942 
1135826 269865 11659 
1204020 285849 12397  

theta = 80°

65441 15471 604 
134317 31245 1239 
203663 46283 1845 
273237 61977 2445 
343161 77720 3085 
412893 93443 3734 
482518 109306 4342 
552655 125163 4948 
622569 141328 5612 
692920 157179 6239 
763563 172663 6896 
834291 188493 7555 
903336 204405 8225 
973228 220018 8833 
1042818 236375 9499 
1112361 252349 10126 
1182295 268047 10777 
1252143 283966 11446 

theta = 90°

76338 15556 610 
150010 31208 1139 
225901 47061 1776 
301109 62854 2378 
376593 78853 3057 
452212 94170 3635 
526870 109635 4152 
602319 125223 4725 
678327 140832 5312 
753275 156686 5943 
828724 172674 6539 
903541 188283 7162 
979983 204251 7848 
1055700 219616 8422 
1131816 235566 9097 
1207649 251377 9700 
1283538 266928 10299 
1358241 282350 10846  
