877     

876     

877     
876     
878     
876     
877     
882     
883     
876     

876     
877     
876     
878     

877     
876     
876     
885     
877     
877     
877     
876     
876     

877     
876     

881     
876     
876     
877     

876     
876     

876     
876     
876     


876     
876     
878     

877     
880     
876     
876     
876     
876     
877     
876     
876     
877     
876     
876     
876     
876     
876     
877     
876     

875     
876     
877     
878     
877     
876     
876     

876     
876     
877     
884     
876     
876     
876     

876     
876     
876     
876     
877     
879     



898     
876     
877     
876     
876     
876     
876     
877     

876     
878     
876     
877     

876     
883     

876     
876     
876     
876     
876     
876     
877     
876     
876     
877     
876     
876     
877     
876     
877     
876     
876     
878     
876     

876     
876     
877     
876     
934     
876     
876     
890     
876     
876     
881     
876     
876     

876     
876     

877     
881     
892     
877     
876     
877     
876     
876     
876     
876     

880     
876     
876     

876     
876     
876     
876     
876     
876     


876     
876     
877     
876     
876     
876     
877     
876     
876     
876     





876     
876     
877     
876     
878     
876     
876     

876     
883     
877     
876     
876     
876     
876     
877     


946     

876     
876     
876     
876     
877     
876     
876     
876     
876     
875     
877     
876     
883     
876     
876     
876     
876     
877     
877     
877     

876     
876     

878     
876     
876     
876     
877     
876     
877     
877     
876     
874     
877     
876     

876     
876     
876     
876     
876     
877     

876     
877     
876     
876     
876     


876     
876     
876     
876     
876     

876     
876     
893     
876     

876     
876     
876     
876     
876     
877     
879     
876     
876     
876     

875     
876     
876     
876     
876     
876     
876     
876     
876     
876     
876     
877     
876     


875     
876     
876     
876     

876     
876     
876     
876     
875     
876     
876     

876     
876     


876     
876     
877     
876     
876     
876     
876     
876     
876     

876     
876     
876     
876     
877     
876     
876     
876     
876     
876     
875     
876     
876     
876     

876     
878     
876     
876     
876     
876     
876     

876     


876     
876     
876     
878     
876     
877     
876     
875     

876     
876     
876     
876     
876     
876     
876     

877     
876     
875     
876     

876     
879     
876     


876     
876     

876     
876     
876     
876     
876     
876     

876     
876     

875     
875     
876     
876     
876     
877     
877     

876     
876     

875     

876     
876     
876     
875     
876     
875     
875     
876     
876     

876     
876     
876     
876     

877     
876     
874     
876     
877     
876     
877     

876     

876     
876     
882     
876     
877     
876     
876     
876     
876     
876     
877     
876     
877     
876     
877     
876     
876     
882     
876     
876     
878     
876     

876     

876     
879     
876     
876     
877     
877     
876     
876     
875     
879     

877     
876     
876     

876     


876     
876     
876     
876     
876     
877     
876     
876     
875     
877     
879     

879     
876     
876     
876     
876     
876     
876     

877     
876     
878     
879     
876     

876     
876     
876     

876     
876     
876     
876     
876     
876     

877     
876     
876     
876     
876     
876     
877     
876     
876     
876     

876     
876     
876     
876     
877     
876     

876     
876     
877     
876     
876     
878     
876     
878     
876     
883     
876     
879     
877     
876     
876     
879     
876     
876     


877     
876     
876     
876     
876     
877     
876     
876     

875     
876     
876     
876     
880     
876     
877     
876     
877     
876     

876     
876     
876     
876     
876     
876     

944     
882     
876     
876     
879     
876     
876     
875     
876     
877     
876     
876     
876     
876     
876     
876     
876     
876     
876     
876     
877     
877     



876     
877     
876     

876     



