Secondo campionamento per lo studio della tensione di alimentazione di S. Cambiata la tensione di soglia di S2, perché l'efficienza si fermava a 0.5

tensione soglia S1 = 802 mV
tensione soglia S2 = 396 mV
tensione soglia T1 = 975 mV
tensione soglia T2 = 1030 mV

Dati acquisiti il 20 gennaio. Tempo di misurazione = 3 min

PROBLEMA: i conteggi di S2 a un certo punto iniziano a scendere, poiché il registro si satura e allora ricomincia da capo. Per un soglia di 400 mV non viene tagliato il rumore --> alzata soglia a 600 mV e risolto il problema (vedi dati3.txt)

-------------------------------------------------------------
tensione alimentazione S1 = 1100 V
tensione alimentazione S2 = 1100 V

26 6438 12054908 45 5 3 0 
54 13305 8272087 72 6 4 0 
98 20195 4622532 106 10 6 2 
123 27054 464491 141 14 9 3 
154 34079 13172787 183 19 12 3 
184 41110 9369279 224 20 13 3 
222 48259 5734101 258 22 14 4 
254 55544 2135694 295 26 16 5 
278 62236 15110916 335 29 19 5 
310 69022 11720392 383 31 20 7 
335 76072 8227693 405 32 20 7 
371 82986 4488852 450 33 21 7 
409 89859 941037 486 38 26 8 
441 96471 13302829 514 41 27 8 
477 103079 8530011 556 46 30 8 
506 109549 3690615 590 52 36 8 
537 116064 15527642 633 55 39 9 
573 122638 10562084 666 57 40 9  


-------------------------------------------------------------
tensione alimentazione S1 = 1150 V
tensione alimentazione S2 = 1150 V

34 18400 1745796 36 3 2 1 
61 36420 3439533 70 10 9 4 
95 55224 5086987 108 12 10 5 
135 73290 6723791 141 16 12 7 
166 91820 8398305 178 18 13 8 
196 110116 10002043 220 22 16 10 
231 128539 11591097 254 26 18 12 
258 146976 13220164 282 28 19 13 
284 165600 14787251 318 30 21 14 
317 184225 16332173 353 33 23 15 
345 202349 1030071 386 35 25 15 
380 220724 2475750 425 40 27 16 
418 239300 4084217 470 46 33 16 
449 257715 5734510 492 46 33 16 
474 276338 7319402 531 47 34 16 
508 294470 8801199 586 48 35 17 
553 312736 10283480 620 52 38 18 
578 331270 11845773 661 55 41 19  


-------------------------------------------------------------
tensione alimentazione S1 = 1200 V
tensione alimentazione S2 = 1200 V

33 42790 14373232 43 3 3 0 
62 86307 11986441 88 5 5 1 
96 129626 9539425 127 10 10 5 
133 172690 7054427 167 15 13 10 
170 216108 4593905 203 18 15 11 
206 259273 2116885 240 21 17 12 
243 302429 16360643 277 23 19 13 
269 345333 13800678 305 27 22 17 
304 387954 11209365 341 30 25 19 
335 431595 8595754 390 36 30 23 
364 474457 5925290 437 40 34 24 
398 518170 3249267 469 44 37 27 
434 562174 671506 498 47 40 28 
464 606286 14865120 544 54 46 33 
500 650039 12251152 579 54 46 33 
535 693636 9596398 624 63 54 39 
572 737100 6982976 669 67 57 41 
598 780409 4330051 709 69 58 42  


-------------------------------------------------------------
tensione alimentazione S1 = 1250 V
tensione alimentazione S2 = 1250 V

30 59202 11099844 40 2 2 1 
63 117894 5290561 74 6 6 4 
86 177414 16186173 113 6 6 4 
111 236513 10560813 143 9 9 6 
162 295380 4968698 181 17 17 14 
192 354448 16108463 221 21 21 17 
226 413539 10488517 254 25 24 20 
248 472349 4847465 282 28 26 23 
277 530923 15946455 323 32 30 25 
323 589917 10177992 357 38 35 30 
344 648857 4310695 397 39 36 30 
382 707734 15228550 434 42 38 32 
424 766958 9364945 484 45 40 34 
451 826255 3559562 525 47 42 36 
486 885428 14473214 561 50 45 39 
521 944464 8582796 598 51 45 40 
555 1003454 2655359 636 52 45 41 
595 1062166 13594139 670 55 48 43  


-------------------------------------------------------------
tensione alimentazione S1 = 1300 V
tensione alimentazione S2 = 1300 V

30 70493 14050322 41 1 1 1 
55 140446 11313671 79 6 6 6 
90 210742 8705884 116 9 9 8 
114 279879 6335059 159 13 12 12 
146 349472 4064686 195 15 14 14 
170 419059 1672785 227 19 18 17 
200 489136 15911220 260 25 24 20 
228 559547 13258464 306 28 27 21 
271 629619 10655874 344 31 30 23 
301 699728 8129333 386 37 34 29 
333 769029 5586131 425 42 39 34 
378 838747 3080261 464 48 45 38 
412 908235 707116 501 50 47 40 
442 977036 14982229 544 56 52 45 
476 1046258 12450389 572 58 54 45 
509 1115936 9871335 614 58 54 45 
551 1186011 7306347 657 63 59 48 
580 1255793 4852135 691 65 61 50 
